                                                                         WASA CLEAN RIVERS PROJECT
                                                                     BLOOMINGDALE AREA DATA COLLECTION
Location :           Florida Ave at First St NW                                                                                                   City/Area:      Wahsington D.C.
Date Surveyed:       1/30/2013                                                                                                                    Weather:        25/Sunny
Intersection No.:                                                                                                                                 Technicians:    RJM
                                                                                   Total Traffic Volumes

                                                                                                                                                                                     Int.
End Time
                                   N/A                                   3rd Street NW                         Florida Ave NW                          Florida Ave NW               Total
                                From North                                From South                              From East                                   From West
              Left         Thru     Right U-Turn      Total   Left   Thru    Right U-Turn   Total   Left   Thru     Right U-Turn   Total   Left    Thru     Right U-Turn   Total
       6:15     2           12        0     0          14       4     28        1      0     33      3      112        2      0     117     0        43        4      0      47     211
       6:30     2           25        1     0          28       6     37        0      0     43      0      114        2      0     116     0        48        4      0      52     239
       6:45     4           21        2     0          27       3     28        0      0     31      3      141        5      0     149     0        59       12      0      71     278
       7:00     9           25        0     0          34       5     23        0      0     28      4      127        3      0     134     1        62        5      0      68     264
       7:15     8           36        0     0          44       1     31        0      0     32      8      141        3      0     152     0        89        5      0      94     322
       7:30     5           42        2     0          49       2     44        1      0     47      4      172        6      0     182     1        83        3      0      87     365
       7:45     9           50        1     0          60       5     36        1      0     42      4      153        3      0     160     0        81        4      0      85     347
       8:00    16           57        0     0          73       1     47        0      0     48      8      193        3      0     204     0        80        5      0      85     410
       8:15     9           38        1     0          48       0     53        0      0     53      9      154        4      0     167     1       119        9      0     129     397
       8:30    15           57        0     0          72       0     43        0      0     43      4      144        5      0     153     0       116        7      0     123     391
       8:45    11           54        0     0          65       3     37        1      0     41      1       95        3      0      99     2       135        6      0     143     348
       9:00    13           51        2     0          66       2     43        2      0     47      5       92        4      0     101     1        99       10      0     110     324
       9:15    12           56        2     0          70       4     49        2      0     55      6       94        6      0     106     1       112       14      0     127     358
       9:30    14           57        2     0          73       2     30        0      0     32      8      101        5      0     114     0       111       15      0     126     345
       9:45    12           58        0     0          70       3     34        1      0     38      5       78        8      0      91     0       107       11      0     118     317
      10:00     9           59        1     0          69       4     31        1      0     36      5       76        7      0      88     1        55       13      0      69     262
      10:15     9           46        1     0          56       7     24        1      0     32      8      100        5      0     113     0        69       11      0      80     281
      10:30    10           37        0     0          47      10     30        1      0     41      8      95         9      0     112     0        80       13      0      93     293
      10:45     6           28        1     0          35       1     18        0      0     19      6      102        8      0     116     0        90        3      0      93     263
      11:00     4           33        0     0          37       8     13        1      0     22      9       75        4      0      88     0        97        5      0     102     249
      11:15     6           36        1     0          43       4     37        0      0     41      8      135        8      0     151     0        75        4      0      79     314
      11:30     7           34        0     0          41       8     19        0      0     27      2      130        6      0     138     0       106        7      0     113     319
      11:45     6           39        1     0          46       6     31        3      0     40      8      139        9      0     156     2       124        3      0     129     371
      12:00     3           36        0     0          39       7     22        1      0     30      4       81        6      0      91     0       106        8      0     114     274
Total AM      201          987       18           0   1206    96      788    17      0      901     130    2844    124      0      3098    10      2146     181      0     2337     7542
 AM Peak
               51          206        1           0   258      4      180     1      0      185      22    586     15       0      623      3       450      27      0      480     1546
  Hour

      12:15     7           47        0           0    54      8      31      2      0       41       7    135     8        0      150      1       130      13      0      144     389
      12:30     8           35        0           0    43      7      31      1      0       39       4     59      1       0       64      1        83      10      0       94     240
      12:45     7           32        1           0    40     14      37      2      0       53      5     119     8        0      132      0        92      5       0       97     322
      13:00     7           33        2           0    42      6      35      1      0       42       9    127     4        0      140      0       126      1       0      127     351
      13:15     2           40        1           0    43     11      44      2      0       57      5     119     8        0      132      0       130      2       0      132     364
      13:30     7           32        0           0    39      9      32      0      0       41      10    139     0        0      149      2       145      8       0      155     384
      13:45    11           33        1           0    45      5      34      0      0       39       9    123     10       0      142      1       124       9      0      134     360
      14:00     9           36        0           0    45      2      26      1      0       29       7    138     12       0      157      0       141       9      0      150     381
      14:15     5           58        0           0    63      7      26      5      0       38       6    142     12       0      160      0       129       6      0      135     396
      14:30    10           44        1           0    55      7      35      2      0       44       8    145     8        0      161      1       145      7       0      153     413
      14:45    10           42        0           0    52      7      29      2      0       38       7    128     4        0      139      0       121      8       0      129     358
      15:00     8           44        0           0    52      2      36      2      0       40       9    105     2        0      116      0       137      12      0      149     357
      15:15     5           60        0           0    65     11      60      4      0       75      7     128     4        0      139      0       126      8       0      134     413
      15:30     8           40        0           0    48      9      37      1      0       47       6    106     9        0      121      2       122      15      0      139     355
      15:45    16           43        1           0    60      7      36      2      0       45       5    142     8        0      155      0       117      5       0      122     382
      16:00    13           57        0           0    70      4      42      2      0       48       3    143     6        0      152      0       156      8       0      164     434
      16:15     7           48        0           0    55      1      54      1      0       56       6    163      6       0      175      0       138       8      0      146     432
      16:30     9           46        0           0    55      1      59      2      0       62       4    131      8       0      143      0       148       9      0      157     417
      16:45     7           50        1           0    58      1      66      1      0       68       4    148      4       0      156      0       129      15      0      144     426
      17:00     7           47        1           0    55      2      71      2      0       75       5    123      7       0      135      0       155       8      0      163     428
      17:15     9           53        1           0    63      1      52      3      0       56       4    157      9       0      170      1       138      12      0      151     440
      17:30     7           50        1           0    58      2      71      3      0       76       9    136      8       0      153      2       142      11      0      155     442
      17:45    10           51        1           0    62      1      63      4      0       68       3    146      8       0      157      1       121       6      0      128     415
      18:00    10           45        2           0    57      1      61      0      0       62       8    137     15       0      160      1       138       7      0      146     425
      18:15     6           41        0           0    47      3      60      1      0       64       7    154      7       0      168      0       134       5      0      139     418
      18:30     8           30        1           0    39      2      53      4      0       59       4    143     10       0      157      0       156      11      0      167     422
      18:45    10           43        0           0    53     10      64      0      0       74       5    140      5       0      150      0       123       2      0      125     402
      19:00     4           21        3           0    28      9      39      0      0       48       7    130      7       0      144      0       119      12      0      131     351
Total PM      227          1201      18           0   1446    150    1284    50      0      1484    173    3706    198      0      4077    13      3665     232      0     3910     10917
 PM Peak
               30          200        4           0   234      6      260     9      0      275      22    564     28       0      614      3       564      46      0      613     1736
  Hour

 13-Hour
              428          2188      36           0   2652    246    2072    67      0      2385    303    6550    322      0      7175    23      5811     413      0     6247     18459
  Total




       JMT
       72 Loveton Circle
       Sparks MD 21052
                                                               WASA CLEAN RIVERS PROJECT
                                                           BLOOMINGDALE AREA DATA COLLECTION

Location :                Florida Ave at First St NW                                                                 City/Area:     Wahsington D.C.
Date Surveyed:            1/30/2013                                                                                  Weather:       25/Sunny
Intersection No.:                                                                                                    Technicians:   RJM

                                                                  Pedestrian Volumes

End Time                N/A                           3rd Street NW                Florida Ave NW             Florida Ave NW         Total
                  Across North Leg                 Across South Leg               Across East Leg                Across West Leg
               Children        Adults           Children          Adults      Children         Adults   Children           Adults
     6:15          0             4                  0               0             0               0        0                  2        6
     6:30          0             2                  0               0             0               0        0                  3        5
     6:45          0             3                  0               0             0               1        0                  1        5
     7:00          0             3                  0               2             0               0        0                  2        7
     7:15          0             5                  0               0             0               2        0                  3       10
     7:30          0             3                  0               0             0               0        0                  6        9
     7:45          0             2                  0               0             0               8        0                  4       14
     8:00          0             3                  0               1             0               3        0                  5       12
     8:15          0             9                  0               1             0               6        0                 18       34
     8:30          0             7                  0               2             0               7        0                 12       28
     8:45          0             6                  0               0             0               3        0                  3       12
     9:00          0             1                  0               0             0               2        0                  2        5
     9:15          0             8                  0               0             0               3        0                  6       17
     9:30          0             4                  0               0             0               4        0                  5       13
     9:45          0             3                  0               0             0               0        0                  3        6
   10:00           0             4                  0               0             0               1        0                  1        6
   10:15           0             4                  0               0             0               1        0                  2        7
   10:30           0             4                  0               0             0               2        0                  3        9
   10:45           0             1                  0               0             0               1        0                  3        5
   11:00           0             4                  0               0             0               0        0                 10       14
   11:15           0             5                  0               1             0               0        0                  2        8
   11:30           0             3                  0               0             0               1        0                  3        7
   11:45           0             8                  0               0             0               2        0                  6       16
   12:00           0             6                  0               0             0               3        0                  5       14
Total AM           0            102                 0               7             0              50        0                110       269

   12:15            0            3                     0           0             0               2         0                 3         8
   12:30            0            6                     0           0             0               0         0                 5        11
   12:45            0            1                     0           0             0               1         0                 1         3
   13:00            0            1                     0           0             0               0         0                 3         4
   13:15            0            2                     0           1             0               1         0                 2         6
   13:30            0            4                     0           5             0               1         0                 4        14
   13:45            0           11                     0           1             0               8         0                 7        27
   14:00            0            4                     0           1             0               4         0                 1        10
   14:15            0            5                     0          11             0              12         0                 4        32
   14:30            0            7                     0           7             0               8         0                 7        29
   14:45            0            2                     0           3             0               8         0                 2        15
   15:00            0            3                     0           3             0               4         0                 3        13
   15:15            0            3                     0           1             0               8         0                 1        13
   15:30            0            2                     0           2             0               2         0                 3         9
   15:45            0            4                     0          11             0               2         0                 6        23
   16:00            0            1                     0           2             0               2         0                 5        10
   16:15            0            1                     0           9             0              14         0                 4        28
   16:30            0            3                     0          11             0               5         0                14        33
   16:45            0            3                     0          14             0              11         0                 3        31
   17:00            0            6                     0           5             0              11         0                 5        27
   17:15            0            1                     0           3             0               5         0                 5        14
   17:30            0            4                     0           6             0               8         0                 6        24
   17:45            0           15                     0           6             0              11         0                 8        40
   18:00            0            6                     0           8             0               5         0                 6        25
   18:15            0            5                     0          18             0               4         0                 6        33
   18:30            0            7                     0          10             0               9         0                11        37
   18:45            0            4                     0           9             0               2         0                 4        19
   19:00            0            7                     0           7             0               3         0                15        32
Total PM            0           121                    0          154            0              151        0                144       570
                                                             WASA CLEAN RIVERS PROJECT
                                                         BLOOMINGDALE AREA DATA COLLECTION

Location :                  Florida Ave at First St NW                                                       City/Area:     Wahsington D.C.
Date Surveyed:              1/30/2013                                                                        Weather:       25/Sunny
Intersection No.:                                                                                            Technicians:   RJM

                                                                    Bikes Volumes

End Time                  N/A                         3rd Street NW                 Florida Ave NW    Florida Ave NW         Total
                    Across North Leg                 Across South Leg               Across East Leg      Across West Leg

     6:15                 0                                 0                             0                1                   1
     6:30                 2                                 0                             0                2                   4
     6:45                 2                                 0                             0                1                   3
     7:00                 0                                 0                             0                1                   1
     7:15                 2                                 0                             0                0                   2
     7:30                 2                                 0                             0                1                   3
     7:45                 0                                 0                             0                0                   0
     8:00                 3                                 0                             0                3                   6
     8:15                 2                                 0                             0                1                   3
     8:30                 2                                 0                             0                8                  10
     8:45                 2                                 0                             0                7                   9
     9:00                 5                                 0                             0                10                 15
     9:15                 4                                 0                             0                11                 15
     9:30                 7                                 0                             0                2                   9
     9:45                 0                                 0                             0                2                   2
   10:00                  3                                 0                             0                3                   6
   10:15                  0                                 0                             0                0                   0
   10:30                  2                                 0                             0                2                   4
   10:45                  2                                 0                             0                0                   2
   11:00                  1                                 0                             0                7                   8
   11:15                  0                                 0                             0                2                   2
   11:30                  0                                 0                             0                0                   0
   11:45                  0                                 0                             0                1                   1
   12:00                  0                                 0                             0                2                   2
Total AM                  41                                0                             0                67                 108

   12:15                  1                                 0                             0                4                   5
   12:30                  0                                 0                             0                0                   0
   12:45                  1                                 0                             0                0                   1
   13:00                  0                                 0                             1                0                   1
   13:15                  4                                 1                             0                0                   5
   13:30                  0                                 0                             0                1                   1
   13:45                  0                                 0                             3                2                   5
   14:00                  2                                 0                             2                3                   7
   14:15                  1                                 2                             1                0                   4
   14:30                  0                                 0                             3                0                   3
   14:45                  2                                 3                             4                2                  11
   15:00                  3                                 1                             6                1                  11
   15:15                  5                                 3                             0                1                   9
   15:30                  1                                 1                             1                1                   4
   15:45                  1                                 0                             1                0                   2
   16:00                  1                                 1                             0                1                   3
   16:15                  3                                 0                             0                0                   3
   16:30                  6                                 0                             3                1                  10
   16:45                  1                                 2                             2                0                   5
   17:00                  1                                 0                             2                0                   3
   17:15                  3                                 1                             4                1                   9
   17:30                  1                                 2                             10               0                  13
   17:45                  6                                 3                             7                2                  18
   18:00                  3                                 3                             4                3                  13
   18:15                  4                                 0                             7                2                  13
   18:30                  3                                 1                             6                2                  12
   18:45                  1                                 5                             10               0                  16
   19:00                  2                                 2                             4                2                  10
Total PM                  56                                31                            81               29                 197
Type of peak hour being reported: Intersection Peak                                            Method for determining peak hour: Total Entering Volume
 LOCATION: 1st St -- Florida Ave NW                                                                                          QC JOB #: 10863016
 CITY/STATE: Washington, DC                                                                                                  DATE: Thu, Jan 31 2013
                    168             164                          Peak-Hour: 7:00 PM -- 8:00 PM                                0.0        0.0

                         1   148 19
                                                                Peak 15-Min: 7:15 PM -- 7:30 PM
                                                                                                                              0.0 0.0 0.0


       672   8                             32   694
                                                                                                                 1.5   0.0                      0.0       1.4
             466             0.92         638
                                                                                                                       2.4                      1.6
       497   23                            24   490
                                                                                                                 2.4   4.3                      0.0       2.2

                       33 124        5
                                                                                                                              0.0 0.0 0.0

                    195             162
                                                                                                                              0.5        0.0



                              13                                                                                               0    2    0



                                                                                                                       0                          1

             20                            35                                                                          3                          5

                                                                                                                       0                          0

                              11                                                                                               1    11   0




                             NA                                                                                                     NA




             NA                           NA                                                                           NA                       NA




                             NA                                                                                                     NA



 15-Min Count                    1st St                          1st St              Florida Ave NW            Florida Ave NW                  Total       Hourly
    Period                   (Northbound)                    (Southbound)              (Eastbound)              (Westbound)                                Totals
 Beginning At     Left        Thru Right        U     Left    Thru Right    U   Left Thru Right     U     Left Thru Right     U
    7:00 PM        8           36       2       0      6       33       0   0    2    108       2   0      6    175       8   0                386
    7:15 PM        8           32       1       0      6       44       0   0    4    110       6   0      6    189       9   0                415
    7:30 PM        9           31       0       0      3       36       1   0    1    130       9   0      7    136      10   0                373
    7:45 PM        8           25       2       0      4       35       0   0    1    118       6   0      5    138       5   0                347             1521
    8:00 PM        0            0       0       0      0        0       0   0    0       0      0   0      0       0      0   0                  0             1135
    8:15 PM        0            0       0       0      0        0       0   0    0       0      0   0      0       0      0   0                  0              720
    8:30 PM        0            0       0       0      0        0       0   0    0       0      0   0      0       0      0   0                  0              347
    8:45 PM        0            0       0       0      0        0       0   0    0       0      0   0      0       0      0   0                  0                0




 Peak 15-Min                     Northbound                      Southbound                Eastbound                  Westbound
   Flowrates      Left       Thru Right     U         Left   Thru Right    U    Left   Thru Right    U    Left    Thru Right    U                      Total
  All Vehicles     32        128      4     0          24    176      0     0    16    440    24     0     24     756    36     0                      1660
 Heavy Trucks       0          0      0                 0      0      0           0      4      4           0      16     0                             24
  Pedestrians                 24                              16                        24                         24                                   88
    Bicycles       0           3      0                0       0      0          0       2      0          0        1     1                              7
   Railroad
Stopped Buses
 Comments: 3006
Report generated on 4/1/2013 5:28 AM                                        SOURCE: Quality Counts, LLC (http://www.qualitycounts.net) 1-877-580-2212
Type of peak hour being reported: Intersection Peak                                            Method for determining peak hour: Total Entering Volume
 LOCATION: 1st St -- Florida Ave NW                                                                                          QC JOB #: 10863017
 CITY/STATE: Washington, DC                                                                                                  DATE: Sat, Feb 23 2013
                    201             152                          Peak-Hour: 3:30 PM -- 4:30 PM                                1.0        0.7

                         7   159 35
                                                                Peak 15-Min: 4:00 PM -- 4:15 PM
                                                                                                                              0.0 0.6 2.9


       750   4                             22   754
                                                                                                                 2.0   0.0                      0.0       2.0
             605             0.94         703
                                                                                                                       1.5                      2.1
       646   37                            29   646
                                                                                                                 1.5   2.7                      0.0       1.5

                       40 126        6
                                                                                                                              0.0 0.8 0.0

                    225             172
                                                                                                                              0.9        0.6



                              2                                                                                                1    3    0



                                                                                                                       0                          0

             29                            27                                                                          2                          0

                                                                                                                       0                          0

                              24                                                                                               0    2    0




                             NA                                                                                                     NA




             NA                           NA                                                                           NA                       NA




                             NA                                                                                                     NA



 15-Min Count                    1st St                          1st St              Florida Ave NW            Florida Ave NW                  Total       Hourly
    Period                   (Northbound)                    (Southbound)              (Eastbound)              (Westbound)                                Totals
 Beginning At     Left        Thru Right        U     Left    Thru Right    U   Left Thru Right     U     Left Thru Right     U
    1:00 PM         4          32       2       0       9      48       0   0    0    158       7   0      10   155      14   0                439
    1:15 PM         9          29       0       0       8      52       3   0    0    138      12   0       8   158       9   0                426
    1:30 PM         8          30       2       0       9      41       3   0    0    155       9   0      14   183       8   0                462
    1:45 PM        12          26       2       0      15      47       1   0    1    153       7   0       8   136       4   0                412             1739
    2:00 PM        11          40       3       0       6      36       0   0    1    131      11   0       7   175       7   0                428             1728
    2:15 PM        14          38       2       0       7      46       0   0    1    160      10   0      15   156       2   0                451             1753
    2:30 PM         8          30       1       0       9      31       1   0    0    127       8   0       7   157       6   0                385             1676
    2:45 PM         8          27       2       0       9      28       1   0    0    123       9   0       8   168      11   0                394             1658
    3:00 PM        18          26       2       0      10      35       1   0    2    137      11   0       7   157       5   0                411             1641
    3:15 PM         9          40       1       0       3      51       4   0    0    140       4   0      10   175       6   0                443             1633
    3:30 PM        12          28       1       0      12      42       3   0    1    144       9   0       6   167       5   0                430             1678
    3:45 PM         8          31       0       0      10      41       1   0    2    139       9   0       6   162       6   0                415             1699
    4:00 PM         9          36       2       0       9      40       2   0    0    170       9   0      10   181       6   0                474             1762
    4:15 PM        11          31       3       0       4      36       1   0    1    152      10   0       7   193       5   0                454             1773
    4:30 PM         8          20       3       0       7      22       0   0    2    169       2   0       5   164       9   0                411             1754
    4:45 PM         7          37       1       0       7      30       2   0    3    122       7   0       3   188       8   0                415             1754
    5:00 PM         9          29       2       0       5      28       2   0    1    126      12   0       7   171      10   0                402             1682
    5:15 PM        17          32       3       0      12      33       1   0    5      97      8   0       6   163      13   0                390             1618
    5:30 PM         6          30       1       0       2      28       0   0    2    123       5   0       8   161      11   0                377             1584
    5:45 PM         6          36       2       0       6      24       1   0    1    121       5   0       6   150       5   0                363             1532




 Peak 15-Min                     Northbound                      Southbound                Eastbound                  Westbound
   Flowrates      Left       Thru Right     U         Left   Thru Right    U    Left   Thru Right    U    Left    Thru Right    U                      Total
  All Vehicles     36        144      8     0          36    160      8     0    0     680    36     0     40     724    24     0                      1896
 Heavy Trucks       0          0      0                 0      4      0          0      20      4           0       8     0                              36
  Pedestrians                 36                               0                        28                         40                                   104
    Bicycles       0           1      0                0       0      1          0       0      0          0        0     0                               2
   Railroad
Stopped Buses
 Comments: 3006
Report generated on 4/1/2013 5:28 AM                                        SOURCE: Quality Counts, LLC (http://www.qualitycounts.net) 1-877-580-2212
