                                                                               WASA CLEAN RIVERS PROJECT
                                                                           BLOOMINGDALE AREA DATA COLLECTION
Location :              Rhode Island Ave @ 2nd St, NW                                                                                                       City/Area:      Wahsington D.C.
Date Surveyed:         January 24, 2013                                                                                                                     Weather:        Cold/Cloudy/Wet
Intersection No.:      6                                                                                                                                    Technicians:    PM/MA
                                                                                                 Total Traffic Volumes
                             2nd Street, NW                                    2nd Street, NW                        Rhode Island Avenue, NW                Rhode Island Avenue, NW
                                                                                                                                                                                               Int.
End Time                      From North                                        From South                                  From East                              From West
                                                                                                                                                                                              Total
               Left      Thru    Right U-Turn               Total   Left   Thru    Right U-Turn     Total     Left    Thru     Right U-Turn Total    Left    Thru     Right U-Turn Total
    6:15         1         1        7        0                9      0      0         1       1       2        0       159       2      1     162     5        52       0      0      57       230
    6:30         2         0        4        1                7      0      2         2       1       5        1       180       1      0     182     8        73       1      0      82       276
    6:45         0         4        2        1                7      1      3         1       6      11        1       200       1      0     202     4       105       0      0     109       329
    7:00         1         5        3        0                9      0      0         0       4       4        1       206       1      0     208     6       106       2      0     114       335
    7:15         0        13        9        1               23      0       5        3        5     13         4      254      31      0     289      5      111       1      0     117       442
    7:30         6         4        6        2               18      0      3         4        2      9        3       289       3      0     295     8       138       1      0     147       469
    7:45         7         6       13        0               26      3       9        4        8     24         4      378       4      0     386     3       116       1      0     120       556
    8:00         3        11        7        4               25      1       3        3       16     23        10      350       3      0     363     8       141       3      0     152       563
    8:15         5        13        6        5               29      2       6        3        5     16         8      417       6      0     431     3       170       1      0     174       650
    8:30         8        15        8        2               33      3       7        3        4     17         4      363       8      0     375     10      167       1      1     179       604
    8:45         6        18       11        3               38      0       7        3       10     20         7      397       5      1     410     9       132       2      0     143       611
    9:00        10        12       10       12               44      3      2         4       12     21        7       349       2      0     358     7       191       2      1     201       624
    9:15        11        11       14        2               38      1      11        2        2     16         7      341       8      0     356     5       143       2      0     150       560
    9:30         5         7       20        6               38      1       4        0        6     11         6      325       0      0     331     8       174       3      0     185       565
    9:45         8        10        9        0               27      2       1        1        6     10         2      336       1      1     340     2       125       2      1     130       507
   10:00         6         4        8        1               19      2      10        6        1     19         2      283       3      2     290     8       148       3      1     160       488
   10:15         3         8        3        2               16      2      5         2        4     13        3       299       1      2     305     4       156       1      1     162       496
   10:30         6         5        4        3               18      2      2         0        3      7        3       232       2      1     238     2       142       0      0     144       407
   10:45         1         1        1        0                3      1      4         2       2       9        3       263       2      1     269     5       140       0      0     145       426
   11:00         7         3        2        1               13      2      1         2        3      8        4       272       1      2     279     4       152       2      2     160       460
   11:15         3         4        3        2               12      1      1         2        2      6        0       252       3      0     255     4       148       2      0     154       427
   11:30         0         2        5        3               10      1      3         3        3     10        5       200       0      0     205     2       143       1      0     146       371
   11:45         4         4        6        1               15      1      6         4        2     13        1       218       1      0     220     2       143       1      1     147       395
   12:00         5         5        6        1               17      0      2         1        2      5        4       199       3      0     206     4       181       2      1     188       416
Total AM       108        166     167       53               494     29     97       56      110     292       90     6,762     92      11   6,955   126     3,297     34      9    3,466     11,207
AM Peak
                29         58        35         22          144      8      22     13      31         74      26         1,526   21    1     1,574   29       660      6       2      697     2,489
  Hour

   12:15         6          3          4         0           13      1       6      4       4         15       5          163     2     1     171      5      207      1      1       214      413
   12:30         5          4          3         1           13      0       2      4       4         10       3          194     2     0     199      4      186      0      3       193      415
   12:45         1          4          4         0           9       3       0      3       3         9        4          223     1     1     229     5       200      0      0       205      452
   13:00        10          6          6         0           22      2       4      1       0          7       5          162     2     0     169     8       225      1      0       234      432
   13:15         6          8          7         3           24      2       1      2       5         10       2          198     2     0     202      5      176      1      0       182      418
   13:30         9         11          5         2           27      3       3      1        4        11       4          169     1     0     174      4      220      3      0       227      439
   13:45         4          3          1         0           8       2       4      1       6         13       4          200     3     0     207     6       239      0      1       246      474
   14:00         4          3          3         1           11      0       2      2       0          4       2          183     2     1     188     6       217      0      2       225      428
   14:15         5          1          7         0           13      0       1      2       0          3       3          150     2     0     155     6       223      5      0       234      405
   14:30         7          4          4         1           16      0       3      2       1          6       4          213     3     0     220     9       251      0      1       261      503
   14:45         4          8          8         1           21      1       3      0       0          4       5          205     5     0     215     6       302      2      1       311      551
   15:00        14          7         12         1           34      0       4      5        2        11       4          232     2     0     238      7      248      1      1       257      540
   15:15         8         11         13         0           32      1       3      2        0         6       6          206     3     0     215      6      285      1      0       292      545
   15:30        16         13         12         3           44      2       4      3       0          9       2          200     1     0     203     6       311      2      0       319      575
   15:45         8         17         11         6           42      1       5      3       12        21       8          249     1     0     258      7      342      0      4       353      674
   16:00         7          9         11         0           27      2       7      4        9        22       5          221     2     1     229     10      298      2      1       311      589
   16:15        15         13         13         0           41      1       1      1       1          4       7          208     2     0     217     11      339      1      1       352      614
   16:30        28         18         20         3           69      1       4      3       5         13       8          200     2     1     211     15      347      3      1       366      659
   16:45        19         17         16         4           56      0       4      1       3          8       6          189     2     0     197     10      379      3      2       394      655
   17:00        19         12          9         1           41      3       4      2       5         14       5          214     2     1     222     13      378      0      2       393      670
   17:15        24         11         13         4           52      2       2      3       10        17       3          217     2     0     222      5      351      2      1       359      650
   17:30        21         19         10         2           52      2       2      3       13        20       2          237     2     0     241     12      421      1      0       434      747
   17:45        22         13          7         7           49      3       0      1       7         11       5          218     2     1     226     13      368      3      1       385      671
   18:00        13          9         10         1           33      1       3      4        6        14       8          191     3     1     203     16      369      2      1       388      638
   18:15        18         17         13         0           48      2       1      5       9         17       2          157     3     1     163     16      367      2      0       385      613
   18:30        12          7          7         2           28      3       8     11       12        34       4          175     2     3     184     20      375      0      2       397      643
   18:45        14          6          5         2           27      1       9      7       13        30       5          132     4     0     141     12      303      2      1       318      516
   19:00        12          3         12         3           30      1       4      5       18        28       3          160     2     1     166     15      247      2      2       266      490
Total PM       331        257        246        48          882     40      94     85      152       371      124        5,466   62    13    5,665   258     8,174     40     29     8,501    15,419
PM Peak
                86         55        39         14          194     10      8       9      35         62      15         886     8     2      911    43      1,518     6       4     1,571    2,738
  Hour

 13-Hour
               439        423        413       101          1,376   69     191     141     262       663      214     12,228     154   24   12,620   384     11,471    74     38     11,967   26,626
  Total




     Data Collected by:
         O. R. George Associates, Inc.
         10210 Greenbelt Road, Suite 310, Lanham MD 20706
          Phone: (301) 794-7700 Fax: (301) 794 4400                                                                                                                                           1
                                                                   WASA CLEAN RIVERS PROJECT
                                                               BLOOMINGDALE AREA DATA COLLECTION

 Location :                       Rhode Island Ave, NE @ 4th St, NE                                      City/Area:     Washington, D.C.
 Date Surveyed:                  January 23, 2013                                                        Weather:       Cold/Cloudy/Dry
 Intersection No.:               6                                                                       Technicians:   PM/MA


                                               Pedestrian Volumes
                                                      Rhode Island Avenue,   Rhode Island
                2nd Street, NW     2nd Street, NW
                                                              NW             Avenue, NW
  End Time                                                                                  Int. Total
                 From North          From South           From East           From West
                   Adults              Adults                Adults             Adults
     6:15             0                   1                     1                 1              3
     6:30             1                   1                     1                 0              3
     6:45             3                   6                     1                 1             11
     7:00             2                   4                     0                 2              8
     7:15             2                   5                     2                 1             10
     7:30             3                   2                     1                 1              7
     7:45             6                   8                     0                 3             17
     8:00             8                  16                     2                 1             27
     8:15            17                   5                     4                 4             30
     8:30             2                   4                     3                 4             13
     8:45             6                  10                     1                 4             21
     9:00            15                  12                     1                 6             34
     9:15             2                   2                     1                 3              8
     9:30             6                   6                     2                 6             20
     9:45             3                   6                     1                 2             12
    10:00             2                   1                     1                 3              7
    10:15             3                   4                     1                 1              9
    10:30             3                   3                     2                 0              8
    10:45             2                   2                     2                 1              7
    11:00             2                   3                     0                 3              8
    11:15             1                   1                     1                 2              5
    11:30             2                   1                     1                 1              5
    11:45             2                   2                     1                 2              7
    12:00             2                   2                     0                 0              4
  Total AM           95                 107                    30                52            284

   12:15               3                   4                    0                 1              8
   12:30               2                   4                    1                 1              8
   12:45               0                   3                    1                 1              5
   13:00               3                   0                    1                 3              7
   13:15               5                   5                    1                 1             12
   13:30               4                   4                    1                 0              9
   13:45               4                   6                    2                 0             12
   14:00               3                   0                    2                 0              5
   14:15               1                   0                    1                 0              2
   14:30               0                   1                    2                 0              3
   14:45               1                   0                    0                 0              1
   15:00               1                   2                    1                 0              4
   15:15               1                   2                    1                 0              4
   15:30               1                   1                    1                 1              4
   15:45               5                  12                    3                 3             23
   16:00               1                   9                    1                 2             13
   16:15               4                   1                    0                 0              5
   16:30               5                   5                    1                 1             12
   16:45              11                   3                    1                 2             17
   17:00               1                   5                    0                 2              8
   17:15               7                  10                    2                 2             21
   17:30               4                  13                    2                 5             24
   17:45               8                   7                    5                 1             21
   18:00               3                   6                    0                 0              9
   18:15               2                   9                    2                 2             15
   18:30               3                  12                    1                 0             16
   18:45               9                  13                   10                 4             36
   19:00               8                  18                    7                 0             33
  Total PM           100                 155                   50                32            337




Data Collected by:
    O. R. George Associates, Inc.
    10210 Greenbelt Road, Suite 310, Lanham MD 20706
     Phone: (301) 794-7700 Fax: (301) 794 4400                                                                                             2
