                                                                                 WASA CLEAN RIVERS PROJECT
                                                                             BLOOMINGDALE AREA DATA COLLECTION
Location :             Rhode Island Ave @ 3rd St, NW                                                                                                                    City/Area:         Washington, D.C.
Date Surveyed:        January 29, 2013                                                                                                                                  Weather:           Cold/Cloudy/Dry
Intersection No.:     7                                                                                                                                                 Technicians:       MD/PM


                                                                                                       Total Traffic Volumes
                              3rd Street, NW                                      3rd Street, NW                           Rhode Island Avenue, NW                      Rhode Island Avenue, NW
                               From North                                          From South                                     From East                                    From West
                                                                                                                                                                                                               Int.
End Time
                                                                                                                                                                                                              Total
              Left      Thru      Right     U-Turn     Total       Left     Thru      Right   U-Turn      Total     Left       Thru    Right   U-Turn   Total    Left    Thru    Right     U-Turn    Total

    6:15       0          2         0          0          2            0     1          5          0        6       0           158     0        0       158     1         65      0         0         66      232
    6:30       0          2         0          0          2            4     0          5          0        9       2           235     0        0       237     0         96      0         0         96      344
    6:45       0          4         1          0          5            1     4          7          0        12      1           288     2        0       291     1         94      1         0         96      404
    7:00       1          5         4          0          10           3     2          5          0        10      1           353     2        0       356     3        121      2         0        126      502
    7:15       1          8         0          0          9            1     4          5          0        10      1           363     2        0       366     0        111      2         0        113      498
    7:30       0          4         1          0          5            0     2          11         0        13      0           429     2        0       431     1        147      0         0        148      597
    7:45       1          8         3          0          12           1     4          8          0        13      1           376     5        0       382     0        128      3         3        134      541
    8:00       5          8         1          0          14           2     3          8          0        13      0           540     3        0       543     0        139      2         0        141      711
    8:15       5          13        3          0          21           4     8          13         0        25      0           404     2        0       406     0        136      3         0        139      591
    8:30       2          10        4          0          16           1     4          11         0        16      0           449     0        0       449     0        179      0         0        179      660
    8:45       4          8         5          0          17           1     10         10         0        21      0           424     3        2       429     0        140      1         0        141      608
    9:00       3          4         3          0          10           6     9          10         0        25      0           460     5        0       465     0        163      0         0        163      663
    9:15       2          8         3          0          13           5     7          12         0        24      0           416     2        0       418     0        147      2         0        149      604
    9:30       1          10        3          0          14           2     6          6          0        14      0           412     4        0       416     1        155      0         0        156      600
    9:45       1          7         1          0          9            4     7          9          0        20      0           303     2        0       305     2        129      0         2        133      467
   10:00       0          5         2          0          7            7     5          7          0        19      2           302     0        0       304     0        169      0         0        169      499
   10:15       3          7         4          0          14           3     2          20         0        25      1           300     0        0       301     1        123      0         1        125      465
   10:30       4          3         2          0          9            3     4          18         0        25      1           185     3        0       189     0        191      1         2        194      417
   10:45       5          5         0          0          10           4     3          12         0        19      1           236     0        0       237     3        149      1         1        154      420
   11:00       4          3         2          0          9            2     5          13         0        20      3           188     2        0       193     3        180      0         1        184      406
   11:15       2          3         4          0          9            1     1          9          0        11      2           239     0        0       241     4        159      0         0        163      424
   11:30       1          2         4          0          7            1     7          17         0        25      1           211     2        0       214     4        184      1         0        189      435
   11:45       1          6         2          0          9            2     8          25         0        35      1           213     2        0       216     3        214      2         0        219      479
   12:00       4          3         3          0          10           2     4          14         0        20      2           215     1        0       218     2        169      0         2        173      421
Total AM       50        138        55         0         243           60   110        260         0       430      20         7,699    44       2      7,765    29      3,488     21        12      3,550    11,988
AM Peak
               16        39         13         0         68            8     25        42          0        75       0         1,817     8       2      1,827     0       594          6      0      600      2,570
  Hour

    12:15      5          4         4          0          13           0     6          11         0        17      4           178     2        0       184     0        174      2         0        176      390
    12:30      5          8         0          0          13           1     7          19         0        27      3           179     4        0       186     1        204      3         0        208      434
    12:45      7          3         3          0          13           1     5          13         0        19      0           149     1        0       150     1        187      1         2        191      373
    13:00      6          10        4          0          20           3     9          7          0        19      0           188     3        0       191     2        190      0         0        192      422
    13:15      6          7         4          0          17           3     6          20         0        29      4           202     0        0       206     5        232      0         1        238      490
    13:30      4          3         2          0          9            4     2          11         0        17      3           178     7        0       188     4        208      1         2        215      429
    13:45      5          4         1          0          10           3     5          25         0        33      2           218     3        3       226     3        203      1         0        207      476
    14:00      6          6         3          0          15           5     13         16         0        34      3           185     3        1       192     1        180      1         1        183      424
    14:15      1          6         3          0          10           3     5          10         0        18      1           228     8        0       237     4        202      1         0        207      472
    14:30      4          8         0          0          12           2     6          22         0        30      4           243     2        0       249     2        278      3         0        283      574
    14:45      8          7         4          0          19           2     8          14         0        24      1           206     3        0       210     4        238      4         0        246      499
    15:00      4          3         5          0          12           1     9          18         0        28      1           259     3        0       263     6        250      1         0        257      560
    15:15      8          4         7          0          19           5     7          18         0        30      1           229     1        0       231     2        285      1         1        289      569
    15:30      8          7         3          0          18           1     12         16         0        29      4           243     2        0       249     0        311      0         0        311      607
    15:45      12         5         5          0          22           5     14         24         0        43      3           277     5        0       285     2        330      4         2        338      688
    16:00      5          3         4          0          12           5     13         19         0        37      4           265     0        0       269     0        374      3         0        377      695
    16:15      9          14        1          0          24           5     6          29         0        40      4           211     2        0       217     1        317      1         1        320      601
    16:30      10         17        2          0          29           8     3          20         0        31      0           285     5        0       290     1        401      0         0        402      752
    16:45      8          21        0          0          29           2     7          32         0        41      0           278     0        0       278     0        385      1         0        386      734
    17:00      10         13        2          0          25           3     7          32         0        42      0           240     3        2       245     1        358      1         0        360      672
    17:15      8          17        1          0          26           1     8          33         0        42      0           297     4        0       301     0        381      1         0        382      751
    17:30      6          14        3          0          23           0     7          27         0        34      0           269     7        0       276     1        382      0         0        383      716
    17:45      14         13        2          0          29           1     5          33         0        39      1           248     5        0       254     0        368      1         0        369      691
    18:00      4          11        4          0          19           1     3          14         0        18      0           222     2        0       224     0        397      1         0        398      659
    18:15      5          11        2          0          18           1     7          31         0        39      0           223     0        0       223     0        364      3         0        367      647
    18:30      3          8         0          0          11           1     8          26         0        35      0           210     2        0       212     0        366      3         0        369      627
    18:45      5          6         5          0          16           4     4          15         0        23      1           188     5        0       194     2        328      2         0        332      565
    19:00      7          5         3          0          15           6     8          11         0        25      2           147     4        0       153     2        347      3         0        352      545
 Total PM     183        238        77         0         498           77   200        566         0       843      46         6,245    86       6      6,383    45      8,240     43        10      8,338    16,062
 PM Peak
               36        68          5         0         109           14    25        117         0       156       0         1,100    12       2      1,114     2      1,525         3      0      1,530    2,909
  Hour

 13-Hour
              233        376       132         0         741       137      310        826         0      1,273     66     13,944      130       8      14,148   74     11,728     64        22     11,888    28,050
  Total




                Data Collected by:
                    O. R. George Associates, Inc.
                    10210 Greenbelt Road, Suite 310, Lanham MD 20706
                     Phone: (301) 794-7700 Fax: (301) 794 4400                                                                                                                                                         1
                                                                    WASA CLEAN RIVERS PROJECT
                                                                BLOOMINGDALE AREA DATA COLLECTION

 Location :                     Rhode Island Ave @ 3rd St, NW                                       City/Area:     Washington, D.C.
 Date Surveyed:                January 29, 2013                                                     Weather:       Cold/Cloudy/Dry
 Intersection No.:             7                                                                    Technicians:   MD/PM


                                         Pedestrian Volumes
                                                      Rhode Island     Rhode Island
              3rd Street, NW     3rd Street, NW
                                                      Avenue, NW       Avenue, NW
 End Time                                                                             Int. Total
               From North         From South           From East        From West
                 Adults             Adults               Adults           Adults
       6:15         2                 5                    0                1             8
       6:30         0                 7                    0                4             11
       6:45         2                 6                    0                2             10
       7:00         1                 4                    0                1             6
       7:15         2                 7                    0                2             11
       7:30         1                 12                   0                3             16
       7:45         1                 16                   0                9             26
       8:00         2                 20                   0                5             27
       8:15         1                 12                   0                2             15
       8:30         3                 17                   0                6             26
       8:45         2                 20                   0                6             28
       9:00         1                 6                    0                4             11
       9:15         2                 19                   0                8             29
       9:30         4                 9                    0                3             16
       9:45         0                 16                   0                1             17
     10:00          0                 12                   0                1             13
     10:15          0                 16                   0                1             17
     10:30          0                 6                    0                3             9
     10:45          6                 2                    2                3             13
     11:00          4                 7                    6                1             18
     11:15          1                 4                    0                0             5
     11:30          2                 1                    0                0             3
     11:45          2                 12                   0                6             20
     12:00          1                 6                    0                0             7
 Total AM          40                242                   8               72            362

     12:15            0                7                    0               0             7
     12:30            1                3                    1               1             6
     12:45            0                8                    0               2             10
     13:00            0                3                    0               1             4
     13:15            1                4                    0               2             7
     13:30            2                5                    0               10            17
     13:45            3                6                    0               2             11
     14:00            5                6                    0               4             15
     14:15            0                4                    0               7             11
     14:30            1                6                    0               3             10
     14:45            0                4                    0               3             7
     15:00            0                3                    0               4             7
     15:15            0                10                   0               8             18
     15:30            0                6                    0               4             10
     15:45            0                3                    0               1             4
     16:00            0                1                    0               2             3
     16:15            2                12                   0               6             20
     16:30            0                10                   1               2             13
     16:45            0                8                    0               5             13
     17:00            0                14                   0               6             20
     17:15            0                12                   0               9             21
     17:30            1                13                   1               3             18
     17:45            0                11                   0               1             12
     18:00            0                17                   2               2             21
     18:15            0                24                   0               16            40
     18:30            0                15                   0               2             17
     18:45            0                21                   2               2             25
     19:00            0                18                   0               3             21
 Total PM            16               254                   7              111           388




Data Collected by:
    O. R. George Associates, Inc.
    10210 Greenbelt Road, Suite 310, Lanham MD 20706
     Phone: (301) 794-7700 Fax: (301) 794 4400                                                                                        2
Type of peak hour being reported: Intersection Peak                                           Method for determining peak hour: Total Entering Volume
 LOCATION: 3rd St -- Rhode Island Ave NW                                                                                    QC JOB #: 10863041
 CITY/STATE: Washington, DC                                                                                                 DATE: Sat, Feb 23 2013
                       45          51                           Peak-Hour: 3:00 PM -- 4:00 PM                                6.7        5.9

                       13    18    14
                                                               Peak 15-Min: 3:00 PM -- 3:15 PM
                                                                                                                             7.7 11.1 0.0


       940   18                           14   923
                                                                                                                0.9   0.0                      0.0       0.8
             903            0.96         901
                                                                                                                      2.5                      0.8
       923   2                             8   987
                                                                                                                2.5   0.0                      0.0       2.3

                       22    23    69
                                                                                                                             0.0 13.0 0.0

                       27          114
                                                                                                                             7.4        2.6



                             32                                                                                               0    0    0



                                                                                                                      0                          0

             15                           10                                                                          10                         3

                                                                                                                      0                          0

                             58                                                                                               0    0    0




                            NA                                                                                                     NA




             NA                          NA                                                                           NA                       NA




                            NA                                                                                                     NA



 15-Min Count                   3rd St                          3rd St           Rhode Island Ave NW       Rhode Island Ave NW                Total       Hourly
    Period                  (Northbound)                    (Southbound)            (Eastbound)               (Westbound)                                 Totals
 Beginning At     Left       Thru Right        U     Left    Thru Right    U   Left Thru Right     U     Left Thru Right     U
    3:00 PM        5           5     18        0      4        5       6   0    4   237       0     1     4   231       2     0               522
    3:15 PM        5           8     18        0      5        4       1   0    1   225       0     1     1   226       5     0               500
    3:30 PM        4           6     22        0      2        7       1   0    7   219       1     1     0   235       5     0               510
    3:45 PM        8           4     11        0      3        2       5   0    2   222       1     1     2   209       2     1               473             2005
    4:00 PM        2           3     19        0      3        5       6   0    6   217       1     1     0   199       1     1               464             1947
    4:15 PM        5           3     21        0      8        4       4   0    4   206       1     1     0   253       5     0               515             1962
    4:30 PM        6           3     12        0      1        5       3   0    2   183       2     1     4   229       2     0               453             1905
    4:45 PM        5          10       8       0      2        4       2   0    5   218       3     0     5   209       0     0               471             1903




 Peak 15-Min                    Northbound                      Southbound                Eastbound                  Westbound
   Flowrates      Left      Thru Right     U         Left   Thru Right    U    Left   Thru Right    U    Left    Thru Right    U                      Total
  All Vehicles     20        20     72     0          16     20     24     0    16    948      0    4     16     924     8     0                      2088
 Heavy Trucks       0         4      0                 0      0      0           0     16      0           0       0     0                             20
  Pedestrians                56                              24                         8                          8                                   96
    Bicycles       0          0      0                0       0      0          0       4      0          0        1     0                              5
   Railroad
Stopped Buses
 Comments: 3010
Report generated on 4/1/2013 5:28 AM                                       SOURCE: Quality Counts, LLC (http://www.qualitycounts.net) 1-877-580-2212
