                                                                                  WASA CLEAN RIVERS PROJECT
                                                                              BLOOMINGDALE AREA DATA COLLECTION
    Location :                Rhode Island Avenue, NW @ Florida Avenue, NW                                                                                         City/Area:       Washington, D.C.
    Date Surveyed:           January 30, 2013                                                                                                                      Weather:         Cold/Cloudy/Dry
    Intersection No.:        8                                                                                                                                     Technicians:     GC/AL/MD/DD


                                                                                                   Total Traffic Volumes
                             Rhode Island Avenue, NW                        Rhode Island Avenue, NW                      Florida Avenue, NW                          Florida Avenue, NW
                             From Northeast Direction                       From Southwest Direction                   From Northwest Direction                    From Southeast Direction
                                                                                                                                                                                                        Int.
     End Time
                                                                                                                                                                                                       Total
                     Left      Thru      Right     U-Turn   Total    Left    Thru    Right   U-Turn    Total    Left       Thru    Right   U-Turn   Total   Left    Thru    Right   U-Turn    Total

         6:15         0         150        23          0     173      1        65      4       0         70      1           45      0       0        46     2       102      2        0       106      395
         6:30         0         212        23          0     235      0        92      5       0         97      0           57      0       0        57     4       108      1        0       113      502
         6:45         0         283        34          0     317      0       103      8       0        111      0           60      0       0        60     9       103      2        0       114      602
         7:00         0         352        37          0     389      0       116      12      0        128      0           64      0       0        64     5       129      3        0       137      718
         7:15         0         309        56          0     365      0       144      12      0        156      1           94      0       0        95     3       114      6        0       123      739
         7:30         0         251       116          0     367      0       132      13      0        145      0          109      0       0       109     6       166      4        0       176      797
         7:45         0         368        58          0     426      0       137      20      0        157      0          120      0       0       120     5       168      4        0       177      880
         8:00         0         407        64          0     471      0       175      20      0        195      0          130      0       0       130     3       192      2        0       197      993
         8:15         0         357        56          0     413      0       131      22      0        153      0          158      0       0       158     11      157      5        0       173      897
         8:30         0         403        47          0     450      0       147      19      0        166      0          126      0       0       126     7       155      1        0       163      905
         8:45         0         320        49          0     369      0       128      23      0        151      0          151      0       0       151     8       135      4        0       147      818
         9:00         0         374        41          0     415      0       134      16      0        150      0          129      0       0       129     9       133      5        0       147      841
         9:15         0         330        43          0     373      0       131      20      0        151      0          154      0       0       154     7       144      4        0       155      833
         9:30         0         385        39          0     424      0       127      24      0        151      0          115      0       0       115     5       163      4        0       172      862
         9:45         0         355        40          0     395      0       136      20      0        156      0          119      0       0       119     5       144      4        0       153      823
        10:00         0         345        40          0     385      0       148      18      0        166      0          126      0       0       126     4       127      2        0       133      810
        10:15         0         272        44          0     316      0       163      18      0        181      1          140      0       0       141     6       123      1        0       130      768
        10:30         0         318        27          0     345      0       161      25      0        186      0          121      1       0       122     5       125      2        0       132      785
        10:45         0         243        32          0     275      0       157      22      0        179      0          118      0       0       118     8       121      1        0       130      702
        11:00         0         205        40          0     245      0       143      24      0        167      0          109      0       0       109     4       131      1        0       136      657
        11:15         0         204        37          0     241      0       136      21      0        157      0          101      0       0       101     6       142      6        0       154      653
        11:30         0         187        28          0     215      0       171      18      0        189      1          119      4       0       124     5       132      3        0       140      668
        11:45         0         212        25          1     238      0       157      30      1        188      2          133      0       0       135     7       126      1        0       134      695
        12:00         1         201        39          0     241      0       156      18      0        174      0          125      0       0       125     3       117      4        0       124      664
     Total AM         1        7,043     1,038         1    8,083     1      3,290    432      1       3,724     6         2,723     5       0      2,734   137     3,257     72       0      3,466    18,007
     AM Peak
                      0        1,535      225          0    1,760     0       590     81       0        671      0         534       0       0      534     26       672      12       0      710      3,675
       Hour

        12:15         0         173        46          0     219      0       179      23      0        202     2           136      0       0       138    3        103      4        0       110      669
        12:30         0         160        34          0     194      1       186      30      0        217     0           127      0       0       127    9        133      10       0       152      690
        12:45         0         140        35          0     175      0       186      18      0        204     2           127      0       0       129    3        129      6        0       138      646
        13:00         0         157        46          0     203      0       176      20      0        196     2           120      0       0       122    6        135      5        0       146      667
        13:15         0         162        32          0     194      0       179      22      0        201     0           118      0       0       118    4        143      1        0       148      661
        13:30         0         162        46          0     208      0       206      31      0        237     0           121      0       0       121    3        104      18       0       125      691
        13:45         0         183        28          0     211      0       207      24      0        231     1           123      0       0       124    3        116      4        0       123      689
        14:00         0         170        30          0     200      0       242      26      0        268     0           139      0       0       139    4        129      6        0       139      746
        14:15         0         169        43          0     212      0       256      28      0        284     0           130      0       0       130    1        146      4        0       151      777
        14:30         0         195        38          0     233      0       285      23      0        308     0           122      0       0       122    7        118      3        0       128      791
        14:45         1         198        30          0     229      0       298      20      0        318     1           126      0       0       127    3        101      4        0       108      782
        15:00         0         205        31          0     236      0       271      25      0        296     0           142      0       0       142    4        112      3        0       119      793
        15:15         0         239        35          0     274      0       356      31      0        387     0           118      0       0       118    4         99      1        0       104      883
        15:30         0         210        34          0     244      0       294      23      0        317     2           143      0       0       145    2        121      2        0       125      831
        15:45         0         253        23          0     276      0       344      21      0        365     1           119      0       0       120    5        134      1        0       140      901
        16:00         0         202        23          0     225      0       289      22      0        311     3           149      0       0       152    2        128      4        0       134      822
        16:15         0         219        26          0     245      0       354      16      0        370     3           158      0       0       161    0        124      5        0       129      905
        16:30         0         195        29          0     224      0       327      23      0        350     2           167      0       0       169    3        128      5        0       136      879
        16:45         0         230        27          0     257      0       373      24      0        397     2           142      1       0       145    1        129      4        0       134      933
        17:00         0         190        28          0     218      0       330      30      0        360     3           180      0       0       183    3        122      2        0       127      888
        17:15         0         252        15          0     267      0       383      26      0        409     0           142      0       0       142    1        143      1        0       145      963
        17:30         0         218        22          0     240      0       369      19      0        388     0           172      0       0       172    1        152      6        0       159      959
        17:45         0         213        30          0     243      0       395      19      0        414     0           148      0       0       148    3        151      5        0       159      964
        18:00         0         179        18          0     197      0       346      29      0        375     0           166      1       0       167    1        145      4        0       150      889
        18:15         0         188        32          0     220      0       436      32      0        468     2           143      0       0       145    4        132      3        0       139      972
        18:30         0         176        37          0     213      0       374      29      0        403     0           172      0       0       172    0        149      2        0       151      939
        18:45         0         165        28          1     194      0       366      23      1        390     2           131      0       0       133    2        127      4        0       133      850
        19:00         0         136        18          0     154      0       259      22      0        281     1           125      1       0       127    1        147      2        0       150      712
     Total PM         1        5,339      864          1    6,205     1      8,266    679      1       8,947    29         3,906     3       0      3,938   83      3,600    119       0      3,802    22,892
     PM Peak
                      0         798       102          0     900      0      1,546    99       0       1,645     2         629       1       0      632      9       580      18       0      607      3,784
      Hour

     13-Hour
                      2       12,382     1,902         2    14,288    2     11,556   1,111     2       12,671   35         6,629     8       0      6,672   220     6,857    191       0      7,268    40,899
      Total




Data Collected by:
    O. R. George Associates, Inc.
    10210 Greenbelt Road, Suite 310, Lanham MD 20706
     Phone: (301) 794-7700 Fax: (301) 794 4400                                                                                                                                                                  1
                                                                    WASA CLEAN RIVERS PROJECT
                                                                BLOOMINGDALE AREA DATA COLLECTION

 Location :                      Rhode Island Avenue, NW @ Florida Avenue, NW                                     City/Area:     Washington, D.C.
 Date Surveyed:                 January 30, 2013                                                                  Weather:       Cold/Cloudy/Dry
 Intersection No.:              8                                                                                 Technicians:   GC/AL/MD/DD


                                               Pedestrian Volumes
           Rhode Island Avenue, Rhode Island Avenue,
                                                       Florida Avenue, NW       Florida Avenue, NW
                   NW                   NW
  End Time   From Northeast       From Southwest         From Northwest           From Southeast     Int. Total
                Direction            Direction              Direction                Direction
                  Adults               Adults                Adults                   Adults
    6:15             1                    1                     1                        1               4
    6:30             2                    1                     5                        1               9
    6:45             1                    3                     7                        3              14
    7:00             4                    3                     6                        3              16
    7:15             6                    3                     6                        3              18
    7:30            10                   11                     13                       11             45
    7:45             8                    8                     12                       8              36
    8:00             9                   10                     13                       9              41
    8:15             8                    7                     21                       6              42
    8:30             9                    7                     19                       6              41
    8:45            16                   14                     43                       14             87
    9:00             7                   12                     30                       11             60
    9:15             4                    2                     30                       2              38
    9:30             2                    8                     14                       8              32
    9:45             0                   10                     16                       10             36
    10:00            0                   11                     11                       10             32
    10:15            4                    6                     10                       5              25
    10:30            1                    6                     12                       5              24
    10:45            3                    7                     7                        5              22
    11:00            3                    5                     10                       8              26
    11:15            4                    4                     11                       4              23
    11:30            6                    7                     8                        7              28
    11:45            4                    6                     12                       6              28
    12:00            5                   12                     7                        12             36
  Total AM         117                  164                    324                      158             763

   12:15              7                   13                    14                      13              47
   12:30              4                   1                     8                       1               14
   12:45              3                   11                    8                       11              33
   13:00              1                   4                     9                       4               18
   13:15              0                   7                     3                       7               17
   13:30              0                   15                    5                       15              35
   13:45              7                   4                     7                       4               22
   14:00              3                   12                    8                       12              35
   14:15              5                   9                     6                       11              31
   14:30              4                   7                     7                       7               25
   14:45              0                   5                     5                       5               15
   15:00              6                   9                     10                      8               33
   15:15              3                   8                     10                      8               29
   15:30              1                   19                    9                       17              46
   15:45              1                   6                     11                      6               24
   16:00              2                   9                     10                      9               30
   16:15              7                   8                     7                       8               30
   16:30              2                   12                    6                       11              31
   16:45              2                   18                    13                      17              50
   17:00              11                  19                    10                      19              59
   17:15              3                   9                     16                      9               37
   17:30              4                   15                    4                       15              38
   17:45              6                   13                    5                       13              37
   18:00              4                   6                     10                      6               26
   18:15              5                   10                    4                       10              29
   18:30              7                   16                    4                       16              43
   18:45              9                   23                    9                       23              64
   19:00              11                  24                    15                      24              74
  Total PM           118                 312                   233                     309              972




Data Collected by:
    O. R. George Associates, Inc.
    10210 Greenbelt Road, Suite 310, Lanham MD 20706
     Phone: (301) 794-7700 Fax: (301) 794 4400                                                                                                 2
                                                                                 WASA CLEAN RIVERS PROJECT
                                                                             BLOOMINGDALE AREA DATA COLLECTION
    Location :                Rhode Island Avenue, NW @ 4th Street, NW                                                                                            City/Area:         Washington, D.C.
    Date Surveyed:           January 31, 2013                                                                                                                     Weather:           Cold/Cloudy/Dry
    Intersection No.:        8                                                                                                                                    Technicians:       GC/AL/MD/DD


                                                                                                  Total Traffic Volumes
                                    4th Street, NW                           Florida Avenue, NW                         Florida Avenue, NW                                S Street, NW
                                     From North                            From Northwest Direction                   From Southeast Direction                             From South
                                                                                                                                                                                                         Int.
     End Time
                                                                                                                                                                                                        Total
                     Left      Thru      Right     U-Turn   Total   Left    Thru    Right   U-Turn    Total    Left       Thru    Right   U-Turn   Total   Left    Thru      Right   U-Turn    Total

         6:15         0          29        1           0      30     7        45      0       0         52      1          100     2        0       103     0        20        0         0      20       205
         6:30         0          16        0           0      16     8        57      0       0         65      0          104     4        0       108     0        18        0         0      18       207
         6:45         0          28        1           0      29     8        60      0       0         68      0           94     9        0       103     0        36        0         0      36       236
         7:00         0          24        0           0      24     7        64      0       0         71      0          113     16       0       129     0        30        1         0      31       255
         7:15         0          45        0           0      45     4        94      1       0         99      1          104     10       0       115     0        24        0         0      24       283
         7:30         0          48        0           0      48     6       109      2       0        117      0          153     13       0       166     0        33        1         0      34       365
         7:45         0          74        0           0      74     12      120      0       0        132      0          157     11       0       168     0        36        1         0      37       411
         8:00         1          87        0           0      88     14      130      2       0        146      0          178     14       0       192     0        36        3         0      39       465
         8:15         0          73        2           0      75     11      158      0       0        169      0          150     7        0       157     0        33        1         0      34       435
         8:30         0          84        4           0      88     12      126      0       0        138      0          149     6        0       155     0        36        0         0      36       417
         8:45         0          81        3           0      84     13      151      0       0        164      1          129     6        0       136     0        35        4         0      39       423
         9:00         0          66        2           0      68     7       129      1       0        137      0          128     5        0       133     0        34        5         0      39       377
         9:15         0          61        1           0      62     18      154      0       0        172      0          140     4        0       144     0        26        2         0      28       406
         9:30         0          76        1           0      77     18      115      0       0        133      1          152     11       0       164     0        26        1         0      27       401
         9:45         0          71        0           0      71     15      119      0       0        134      1          135     9        0       145     0        23        3         0      26       376
        10:00         0          63        0           0      63     12      126      0       0        138      0          124     3        0       127     0        21        1         0      22       350
        10:15         0          37        1           0      38     13      140      1       0        154      0          140     0        0       140     0        29        2         0      31       363
        10:30         1          43        3           0      47     16      121      1       0        138      0          121     0        0       121     0        28        3         0      31       337
        10:45         0          48        1           0      49     17      118      0       0        135      0          113     8        0       121     0        23        0         0      23       328
        11:00         0          43        3           0      46     15      109      0       0        124      0          125     6        0       131     0        19        0         0      19       320
        11:15         0          53        4           0      57     20      101      0       0        121      1          132     10       0       143     0        15        4         0      19       340
        11:30         0          38        1           0      39     22      119      0       0        141      1          124     8        0       133     0        22        2         0      24       337
        11:45         0          31        1           0      32     22      133      0       0        155      0          121     5        0       126     0        25        3         0      28       341
        12:00         1          29        1           0      31     28      125      0       0        153      0          110     7        0       117     0        29        2         0      31       332
     Total AM         3        1,248       30          0    1,281   325     2,723     8       0       3,056     7         3,096   174       0      3,277    0       657        39        0     696      8,310
     AM Peak
                      1         325         9          0    335     50       565      2       0       617       1         606      33       0      640      0       140          8       0     148      1,740
       Hour

        12:15         0          39        1           0      40     24      136      0       0        160     1           100     3        0       104     0        17        1         0       18      322
        12:30         1          37        2           0      40     19      127      2       0        148     0           128     5        0       133     0        31        1         0       32      353
        12:45         0          41        2           0      43     22      127      0       0        149     0           128     1        0       129     0        27        1         0       28      349
        13:00         1          31        5           0      37     22      120      0       0        142     0           135     0        0       135     0        38        1         0       39      353
        13:15         0          36        4           0      40     19      118      0       0        137     1           132     11       0       144     0        27        2         0       29      350
        13:30         0          42        2           0      44     21      121      0       0        142     0           100     4        0       104     0        24        3         0       27      317
        13:45         0          48        1           0      49     25      123      0       0        148     0           123     0        0       123     0        26        3         0       29      349
        14:00         0          39        3           0      42     27      139      0       0        166     0           139     0        0       139     0        42        1         0       43      390
        14:15         0          41        1           0      42     26      130      0       0        156     0           135     11       0       146     0        39        2         0       41      385
        14:30         0          44        3           0      47     24      122      0       0        146     0           108     10       0       118     0        37        3         0       40      351
        14:45         0          45        1           0      46     33      126      0       0        159     0            94     7        0       101     0        38        4         0       42      348
        15:00         0          34        0           0      34     33      142      0       0        175     0           106     6        0       112     0        43        1         0       44      365
        15:15         1          46        2           0      49     35      118      0       0        153     0            95     4        0        99     0        41        3         0       44      345
        15:30         0          32        0           0      32     40      143      0       0        183     0           116     5        0       121     0        46        1         0       47      383
        15:45         0          67        1           0      68     33      119      0       0        152     0           129     5        0       134     0        48        1         0       49      403
        16:00         0          47        0           0      47     32      149      0       0        181     2           126     2        0       130     0        37        2         0       39      397
        16:15         0          65        0           0      65     18      158      0       0        176     0           123     1        0       124     0        55        3         0       58      423
        16:30         0          73        2           0      75     10      167      0       0        177     0           117     11       0       128     0        65        3         0       68      448
        16:45         0          45        1           0      46     20      142      0       0        162     2           124     5        0       131     0        75        1         0       76      415
        17:00         0          73        2           0      75     24      180      0       0        204     0           118     4        0       122     0        62        1         0       63      464
        17:15         0          56        2           0      58     21      142      0       0        163     0           134     9        0       143     0        71        2         0       73      437
        17:30         0          53        1           0      54     15      172      0       0        187     0           142     10       0       152     0        81        1         0       82      475
        17:45         0          53        3           0      56     20      148      0       0        168     0           146     5        0       151     0        84        1         0       85      460
        18:00         0          37        1           0      38     19      166      0       0        185     0           143     2        0       145     0        61        1         0       62      430
        18:15         0          53        1           0      54     22      143      0       0        165     1           127     5        0       133     0        57        5         0       62      414
        18:30         0          46        0           0      46     15      172      0       0        187     1           142     7        0       150     0        71        3         0       74      457
        18:45         0          36        1           0      37     19      131      1       0        151     0           120     7        0       127     0        57        6         0       63      378
        19:00         0          35        0           0      35     24      125      0       0        149     3           141     6        0       150     0        50        4         0       54      388
     Total PM         3        1,294       42          0    1,339   662     3,906     3       0       4,571    11         3,471   146       0      3,628    0      1,350       61        0     1,411    10,949
     PM Peak
                      0         235         8          0    243     80       642      0       0       722       0         540      28       0      568      0       298          5       0     303      1,836
      Hour

     13-Hour
                      6        2,542       72          0    2,620   987     6,629    11       0       7,627    18         6,567   320       0      6,905    0      2,007      100        0     2,107    19,259
      Total




Data Collected by:
    O. R. George Associates, Inc.
    10210 Greenbelt Road, Suite 310, Lanham MD 20706
     Phone: (301) 794-7700 Fax: (301) 794 4400                                                                                                                                                                   3
                                                                        WASA CLEAN RIVERS PROJECT
                                                                    BLOOMINGDALE AREA DATA COLLECTION

Location :                       Rhode Island Avenue, NW @ 4th Street, NW                                   City/Area:     Washington, D.C.
Date Surveyed:                  January 30, 2013                                                            Weather:       Cold/Cloudy/Dry
Intersection No.:               8                                                                           Technicians:   GC/AL/MD/DD


                                                Pedestrian Volumes

               4th Street, NW     Florida Avenue, NW       Florida Avenue, NW   S Street, NW
End Time                            From Northwest           From Southeast                    Int. Total
                From North                                                      From South
                                       Direction                Direction
                    Adults              Adults                   Adults           Adults
  6:15                0                    1                        1               0              2
  6:30                0                    5                        1               0              6
  6:45                1                    7                        3               0             11
  7:00                0                    6                        3               0              9
  7:15                2                    6                        3               0             11
  7:30                0                    13                       11              0             24
  7:45                4                    12                       8               0             24
  8:00                1                    13                       9               0             23
  8:15                3                    21                       6               0             30
  8:30                8                    19                       6               0             33
  8:45                7                    43                       14              0             64
  9:00                6                    30                       11              0             47
  9:15                4                    30                       2               0             36
  9:30                1                    14                       8               0             23
  9:45                0                    16                       10              0             26
  10:00               0                    11                       10              0             21
  10:15               4                    10                       5               1             20
  10:30              15                    12                       5               0             32
  10:45               0                    7                        5               0             12
  11:00               0                    10                       8               0             18
  11:15               1                    11                       4               0             16
  11:30               6                    8                        7               0             21
  11:45               9                    12                       6               0             27
  12:00               4                    7                        12              0             23
Total AM             76                   324                      158              1             559

 12:15                7                    14                       13               0            34
 12:30                2                    8                        1                0            11
 12:45                1                    8                        11               0            20
 13:00                2                    9                        4                0            15
 13:15                0                    3                        7                0            10
 13:30                0                    5                        15               0            20
 13:45                2                    7                        4                0            13
 14:00                3                    8                        12               0            23
 14:15                0                    6                        11               0            17
 14:30                0                    7                        7                0            14
 14:45                5                    5                        5                0            15
 15:00                4                    10                       8                0            22
 15:15                9                    10                       8                0            27
 15:30                4                    9                        17               0            30
 15:45                5                    11                       6                0            22
 16:00                14                   10                       9                0            33
 16:15                3                    7                        8                0            18
 16:30                3                    6                        11               0            20
 16:45                7                    13                       17               0            37
 17:00                15                   10                       19               0            44
 17:15                11                   16                       9                0            36
 17:30                4                    4                        15               0            23
 17:45                5                    5                        13               0            23
 18:00                6                    10                       6                0            22
 18:15                7                    4                        10               0            21
 18:30                0                    4                        16               0            20
 18:45                9                    9                        23               0            41
 19:00                7                    15                       24               0            46
Total PM             135                  233                      309               0            677




Data Collected by:
    O. R. George Associates, Inc.
    10210 Greenbelt Road, Suite 310, Lanham MD 20706
     Phone: (301) 794-7700 Fax: (301) 794 4400                                                                                        4
Type of peak hour being reported: Intersection Peak                                             Method for determining peak hour: Total Entering Volume
 LOCATION: 4th St -- S St/ Florida Ave NW                                                                                     QC JOB #: 10863024
 CITY/STATE: Washington, DC                                                                                                   DATE: Thu, Jan 31 2013
                    197             223                          Peak-Hour: 7:00 PM -- 8:00 PM                                 3.0        0.9

                         9   182     6
                                                                Peak 15-Min: 7:15 PM -- 7:30 PM
                                                                                                                               0.0 3.3 0.0


       596   4                             64   661
                                                                                                                  1.8   0.0                      0.0       1.7
             496             0.95         587
                                                                                                                        3.0                      1.9
       504   4                             10   520
                                                                                                                  3.0   0.0                      0.0       2.9

                         0   155 18
                                                                                                                               0.0 1.3 0.0

                    196             173
                                                                                                                               3.1        1.2



                              0                                                                                                 0    0    0



                                                                                                                        0                          0

             8                              7                                                                           3                          2

                                                                                                                        0                          1

                              33                                                                                                0    3    1




                             NA                                                                                                      NA




             NA                           NA                                                                            NA                       NA




                             NA                                                                                                      NA



 15-Min Count                    4th St                          4th St            S St/ Florida Ave NW       S St/ Florida Ave NW              Total       Hourly
    Period                   (Northbound)                    (Southbound)              (Eastbound)                (Westbound)                               Totals
 Beginning At     Left        Thru Right        U     Left    Thru Right    U   Left Thru Right        U   Left Thru Right        U
    7:00 PM        0           47       3       0      1       58       0   0    1     112        2    0    2     150      12     0             388
    7:15 PM        0           39       5       0      0       53       3   0    1     128        0    0    2     147      25     0             403
    7:30 PM        0           33       3       0      2       39       3   0    0     144        0    0    4     157      16     0             401
    7:45 PM        0           36       7       0      3       32       3   0    2     112        2    0    2     133      11     0             343             1535




 Peak 15-Min                     Northbound                      Southbound                Eastbound                   Westbound
   Flowrates      Left       Thru Right     U         Left   Thru Right    U    Left   Thru Right    U     Left    Thru Right    U                      Total
  All Vehicles     0         156     20     0          0     212     12     0    4     512      0    0      8      588   100     0                      1612
 Heavy Trucks      0           0      0                0       0      0          0      12      0           0       12     0                             24
  Pedestrians                 28                               0                        12                           0                                   40
    Bicycles       0           1      0                0       0      0          0       2      0           0        1     0                              4
   Railroad
Stopped Buses
 Comments: 3013
Report generated on 4/1/2013 5:28 AM                                        SOURCE: Quality Counts, LLC (http://www.qualitycounts.net) 1-877-580-2212
Type of peak hour being reported: Intersection Peak                                               Method for determining peak hour: Total Entering Volume
 LOCATION: 4th St NW -- S St/Florida Ave NW                                                                                     QC JOB #: 10863024
 CITY/STATE: Washington, DC                                                                                                     DATE: Sat, Apr 13 2013
                      166             200                           Peak-Hour: 3:30 PM -- 4:30 PM
                               0.86                                                                                              2.4        1.5

                           3   162     1
                                                                   Peak 15-Min: 4:15 PM -- 4:30 PM
                                                                                                                                 0.0 2.5 0.0


       798     2                             52    855
                                                                                                                    1.1   0.0                      1.9       1.2
        0.94   723             0.98         794   0.91
                                                                                                                          2.6                      1.1
       730     5                              9    743
                                                                                                                    2.6   0.0                      0.0       2.6

                           1   146 19
                                                                                                                                 0.0 1.4 0.0

                      176             166
                               0.87                                                                                              2.3        1.2



                                73                                                                                                0    0    0



                                                                                                                          1                          0

               29                             9                                                                           21                        12

                                                                                                                          0                          0

                                60                                                                                                0    3    0




                               NA                                                                                                      NA




               NA                           NA                                                                            NA                       NA




                               NA                                                                                                      NA



 15-Min Count                    4th St NW                        4th St NW           S St/Florida Ave NW       S St/Florida Ave NW               Total       Hourly
    Period                     (Northbound)                     (Southbound)              (Eastbound)              (Westbound)                                Totals
 Beginning At       Left        Thru Right         U     Left    Thru Right    U   Left Thru Right       U   Left Thru Right       U
    1:00 PM          0           32      3         0      0       25      1    0    0    169        0    0    1    188        7    0              426
    1:15 PM          0           30      5         0      0       43      1    0    0    187        3    0    3    205        8    0              485
    1:30 PM          0           32      4         0      0       50      1    0    2    172        0    0    1    168        9    0              439
    1:45 PM          0           41      4         0      3       35      1    0    0    172        1    0    0    178       10    0              445             1795
    2:00 PM          0           31      2         0      0       39      2    0    0    197        0    0    1    216        8    0              496             1865
    2:15 PM          1           32      3         0      1       36      2    0    3    167        3    0    1    177        8    0              434             1814
    2:30 PM          0           35      2         0      1       34      0    0    0    181        1    0    0    199       11    0              464             1839
    2:45 PM          0           36      8         0      0       35      2    0    0    190        1    0    1    224       10    0              507             1901
    3:00 PM          0           32      6         0      1       37      2    0    0    170        2    0    0    171        6    0              427             1832
    3:15 PM          0           39      5         0      0       46      4    0    1    176        1    0    1    200        7    0              480             1878
    3:30 PM          0           40      2         0      0       33      1    0    0    190        5    0    1    205       10    0              487             1901
    3:45 PM          0           43      7         0      0       43      0    0    0    170        0    0    2    200       12    0              477             1871
    4:00 PM          0           26      4         0      1       44      1    0    2    173        0    0    4    191       19    0              465             1909
    4:15 PM          1           37      6         0      0       42      1    0    0    190        0    0    2    198       11    0              488             1917
    4:30 PM          0           38      6         0      0       37      4    0    0    142        0    1    4    188       13    0              433             1863
    4:45 PM          0           33      3         0      0       37      2    0    0    170        2    0    2    162       11    0              422             1808
    5:00 PM          0           33      2         0      0       35      3    0    1    167        3    0    2    217       12    0              475             1818
    5:15 PM          1           37      1         0      0       38      0    0    0    160        0    0    2    198       16    0              453             1783
    5:30 PM          0           36      5         0      0       36      2    0    0    150        1    0    0    192        9    0              431             1781
    5:45 PM          0           22      3         0      0       41      3    0    0    148        2    0    4    187       16    0              426             1785




 Peak 15-Min                       Northbound                       Southbound                Eastbound                  Westbound
   Flowrates        Left       Thru Right     U          Left   Thru Right    U    Left   Thru Right    U    Left    Thru Right    U                      Total
  All Vehicles       4         148     24     0           0     168      4     0    0     760      0    0     8      792    44     0                      1952
 Heavy Trucks        0           8      0                 0       8      0          0      16      0          0       16     0                              48
  Pedestrians                   40                               84                        24                         20                                   168
    Bicycles         0           2      0                 0       0      0          0       6      0          0        2     0                              10
   Railroad
Stopped Buses
 Comments: 3013
Report generated on 4/24/2013 5:33 AM                                          SOURCE: Quality Counts, LLC (http://www.qualitycounts.net) 1-877-580-2212
