                                                                        WASA CLEAN RIVERS PROJECT
                                                                    BLOOMINGDALE AREA DATA COLLECTION
Location :           4th Street @ T Street NW                                                                                                    City/Area:      Wahsington D.C.
Date Surveyed:       2/5/2013                                                                                                                    Weather:        45/Sunny
Intersection No.:    2                                                                                                                           Technicians:    JMT
                                                                                   Total Traffic Volumes

                                                                                                                                                                                    Int.
End Time
                               4th Street, NW                           4th Street, NW                          T Street, NW                          T Street, NW                 Total
                                From North                               From South                              From East                                 From West
              Left         Thru       Right U-Turn   Total   Left   Thru     Right U-Turn   Total   Left   Thru    Right U-Turn   Total   Left    Thru   Right U-Turn     Total
      6:15      1           14          0     0       15      0      25        1       0     26      0       0        1      0      1      0       2        0      0        2       44
      6:30      0           21          0     0       21      1      34        1       0     36      0       1        1      0      2      2       2        0      0        4       63
      6:45      1           30          0     0       31      0      37        0       0     37      1       2        1      0      4      3       2        0      0        5       77
      7:00      1           33          1     0       35      2      55        2       0     59      1       0        0      0      1      2       0        0      0        2       97
      7:15      0           34          1     0       35      0      52        1       0     53      3       8        1      0     12      2       0        2      0        4      104
      7:30      1           45          4     0       50      0      54        1       0     55      4       8        1      0     13      2       2        0      0        4      122
      7:45      1           100         9     0       110     2      50        7       0     59      5       3        2      0     10      3       2        1      0        6      185
      8:00      3           77          6     0       86      2      67        2       0     71      1      12        3      0     16      0       2        1      0        3      176
      8:15      5           86          1     0       92      3      45        2       0     50      3       4        3      0     10      3       2        0      0        5      157
      8:30      3           74          1     0       78      1      56        0       0     57      6      11        4      0     21      3       3        0      0        6      162
      8:45      3           100        11     0       114     1      42        2       0     45      3      13        0      0     16      3       0        1      0        4      179
      9:00      1           93          5     0       99      1      43        3       0     47      2       7        5      0     14      5       2        0      0        7      167
      9:15      3           72         10     0        85     0      37        4       0     41      0       7        1      0      8      0       0        0      0        0      134
      9:30      4           54          3     0       61      2      41        3       0     46      2       8        4      0     14      4       1        0      0        5      126
      9:45      5           43          1     0       49      2      45        1       0     48      2       3        2      0      7      2       4        0      0        6      110
     10:00      1           64          1     0       66      1      56        1       0     58      0       3        3      0      6      0       6        0      0        6      136
     10:15      1           41          2     0       44      1      33        3       0     37      1       2        0      0      3      3       0        3      0        6       90
     10:30      1           44          1     0       46      0      38        1       0     39      0       5        1      0      6      2       3        1      0        6       97
     10:45      0           41          4     0       45      3      36        2       0     41      0       1        2      0      3      2       5        1      0        8       97
     11:00      4           37          2     0       43      0      46        2       0     48      1       2        1      0      4      1       2        0      0        3       98
     11:15      3           41          5     0       49      2      33        1       0     36      1       1        0      0      2      2       5        0      0        7       94
     11:30      3           39          2     0       44      0      22        3       0     25      1       3        0      0      4      1       5        1      0        7       80
     11:45      4           40          0     0       44      0      32        4       0     36      0       2        2      0      4      3       2        2      0        7       91
     12:00      1           41          1     0       43      2      44        5       0     51      1       1        1      0      3      2       5        1      0        8      105
Total AM       50          1264        71     0      1385     26    1023      52       0    1101     38     107      39      0     184     50      57      14      0       121     2791
AM Peak
               12          337       17         0    366      8      218    11       0      237      15     30     12      0       57      9        9       2       0      20      680
  Hour

     12:15      2           42        1         0     45      1      28      0       0       29      1      4      2       0       7       5        4       1       0      10       91
     12:30      3           38        2         0     43      0      22      5       0       27      1      0      2       0       3       4        1       0       0       5       78
     12:45      3           39        2         0     44      0      39      5       0       44      0      3      0       0       3       2        7       0       0       9      100
     13:00      0           38        1         0     39      0      35      1       0       36      0      2      2       0       4       5        1       1       0       7       86
     13:15      1           31        1         0     33      1      35      2       0       38      0      4      0       0       4       2        3       1       0       6       81
     13:30      3           34        3         0     40      2      33      2       0       37      1      1      1       0       3       7        1       0       0       8       88
     13:45      1           29        1         0     31      0      26      2       0       28      4      1      1       0       6       4        5       3       0      12       77
     14:00      6           37        4         0     47      1      36      4       0       41      0      0      3       0       3       2        6       0       0       8       99
     14:15      5           41        1         0     47      0      37      4       0       41      1      0      1       0       2       6        5       0       0      11      101
     14:30      3           48        4         0     55      1      45      5       0       51      2      1      1       0       4       2        3       0       0       5      115
     14:45      5           46        1         0     52      0      44      4       0       48      4      1      2       0       7       4        2       0       0       6      113
     15:00      2           34        0         0     36      0      64      1       0       65      0      0      2       0       2       1        3       1       0       5      108
     15:15      1           46        4         0     51      1      43      0       0       44      1      5      1       0       7       3        3       0       0       6      108
     15:30      5           43        0         0     48      2      40      6       0       48      0      0      9       0       9       5        6       0       0      11      116
     15:45      2           56        1         0     59      1      50      5       0       56      1      2      3       0       6       5        4       1       0      10      131
     16:00      3           57        6         0     66      4      57      6       0       67      3      11     4       0      18       7        7       1       0      15      166
     16:15      9           52        1         0     62      0      62       3      0        65      3      3     3       0       9       3        6       2       0      11      147
     16:30      1           58        1         0     60      0      79       7      0        86      2      2     4       0       8       4        6       0       0      10      164
     16:45      4           73        2         0     79      3      61       8      0        72      2      1     2       0       5       2        5       2       0       9      165
     17:00      4           47        1         0     52      3      77       3      0        83      0      2     2       0       4       5        7       1       0      13      152
     17:15      3           53        0         0     56      1      55       8      0        64      1      0     1       0       2       6        6       1       0      13      135
     17:30      4           48        0         0     52      0      66       6      0        72      0      1     0       0       1       4        4       1       0       9      134
     17:45      1           67        2         0     70      2      71       6      0        79      2      4     2       0       8       6        7       0       0      13      170
     18:00      8           43        0         0     51      3      88      10      0       101      2      5     0       0       7       7        3       1       0      11      170
     18:15      2           41        1         0     44      0      63      11      0        74      2      0     3       0       5       4        5       2       0      11      134
     18:30      7           42        0         0     49      0      68       7      0        75      1      2     3       0       6       2        7       1       0      10      140
     18:45      2           50        3         0     55      3      55       1      0        59      1      2     2       0       5       5        4       0       0       9      128
     19:00      0           35        1         0     36      1      65       4      0        70      0      1     1       0       2       2        3       0       0       5      113
Total PM       90          1268      44         0    1402    30     1444    126      0      1600     35     58     57      0      150     114      124      20      0      258     3410
PM Peak
               18          193        3         0    214      5      290    34       0      329      7      11      8      0       26     19       22       4       0      45      614
  Hour

 13-Hour
              140          2532      115        0    2787    56     2467    178      0      2701     73    165     96      0      334     164      181      34      0      379     6201
  Total




       JMT
       72 Loveton Circle
       Sparks MD 21052
                                                                WASA CLEAN RIVERS PROJECT
                                                            BLOOMINGDALE AREA DATA COLLECTION

Location :                   4th Street @ T Street NW                                                                   City/Area:     Wahsington D.C.
Date Surveyed:              2/5/2013                                                                                    Weather:       45/Sunny
Intersection No.:           2                                                                                           Technicians:   JMT

                                                                     Pedestrian Volumes

End Time             4th Street, NW                     4th Street, NW                 T Street, NW               T Street, NW          Total
                  Across North Leg                   Across South Leg                Across East Leg                Across West Leg
               Children           Adults          Children           Adults      Children         Adults   Children           Adults
     6:15          0                0                 1                6             0               2        0                 0         9
     6:30          0                4                 0                3             0               1        0                 4        12
     6:45          0                6                 0                5             0               0        0                 1        12
     7:00          0                1                 0                6             0               0        0                 0         7
     7:15          0                5                 0                4             0               4        0                 5        18
     7:30          0                6                 0                7             0               2        0                 1        16
     7:45          0               12                 1                5             0               2        0                 1        21
     8:00          0                6                 0                7             0               5        0                 0        18
     8:15          0                4                 1               23             1               3        0                 2        34
     8:30          0                6                 0               12             0               2        2                 8        30
     8:45          0                9                 0               15             0               1        0                 7        32
     9:00          0                8                 0               10             0               1        0                 3        22
     9:15          0                3                 0                5             0               3        0                 3        14
     9:30          0                3                 0                7             0               2        0                 0        12
     9:45          0                0                 0                8             0               1        0                 2        11
   10:00           0                3                 0                9             0               0        0                 4        16
   10:15           0                4                 0                4             0               1        0                 1        10
   10:30           0                2                 0                7             0               2        0                 0        11
   10:45           0                3                 0                2             0               2        0                 2         9
   11:00           0                0                 0                1             0               2        0                 0         3
   11:15           0                0                 0                6             0               0        0                 2         8
   11:30           0                3                 0                6             0               0        0                 0         9
   11:45           0                2                 0                4             0               3        0                 0         9
   12:00           0                1                 0                2             0               0        0                 1         4
Total AM           0               91                 3               164            1              39        2                47        347

   12:15            0              0                    0             4             0               0         0                  0        4
   12:30            0              5                    0             0             0               0         0                  1        6
   12:45            0              3                    0             5             0               2         0                  6       16
   13:00            1              7                    0             5             0               1         0                  1       15
   13:15            0              7                    0             5             0               3         0                  1       16
   13:30            0              0                    0             3             0               0         0                  1        4
   13:45            0              2                    0             0             0               1         0                  0        3
   14:00            0              3                    0             6             0               4         0                  1       14
   14:15            0              7                    0             3             0               1         0                  0       11
   14:30            0              8                    0             6             0               1         0                  1       16
   14:45            0              3                    0             4             0               0         0                  3       10
   15:00            0              4                    0             3             0               0         0                  0        7
   15:15            0              4                    0             7             0               3         0                  5       19
   15:30            0              2                    0             2             0               3         0                  0        7
   15:45            0              2                    0             2             0               1         0                  3        8
   16:00            0              3                    0             9             0               0         0                  1       13
   16:15            0              7                    0             2             0               2         0                  1       12
   16:30            0              7                    0             7             0               0         0                  0       14
   16:45            0              2                    0             5             0               3         0                  0       10
   17:00            0              7                    0             8             0               0         0                  2       17
   17:15            0              3                    0             7             0               2         0                  1       13
   17:30            0              9                    0            14             0               5         0                  2       30
   17:45            0             10                    0            11             0               4         0                  2       27
   18:00            0             12                    0            15             0               4         0                  3       34
   18:15            0             11                    0            10             0               7         0                  3       31
   18:30            0             12                    0            16             0               6         0                  1       35
   18:45            0             15                    0             6             0               1         0                  2       24
   19:00            0             15                    0             4             0               3         0                  9       31
Total PM            1             170                   0            169            0              57         0                 50       447
                                                             WASA CLEAN RIVERS PROJECT
                                                         BLOOMINGDALE AREA DATA COLLECTION

Location :                   4th Street @ T Street NW                                                          City/Area:     Wahsington D.C.
Date Surveyed:              2/5/2013                                                                           Weather:       45/Sunny
Intersection No.:           2                                                                                  Technicians:   JMT

                                                                       Bikes Volumes

End Time             4th Street, NW                      4th Street, NW                 T Street, NW     T Street, NW          Total
                    Across North Leg                    Across South Leg               Across East Leg     Across West Leg

     6:15                 0                                    0                             0               0                   0
     6:30                 0                                    0                             0               0                   0
     6:45                 1                                    0                             0               1                   2
     7:00                 0                                    0                             0               0                   0
     7:15                 0                                    0                             0               0                   0
     7:30                 2                                    0                             2               3                   7
     7:45                 1                                    0                             0               3                   4
     8:00                 1                                    0                             0               2                   3
     8:15                 1                                    1                             0               1                   3
     8:30                 2                                    1                             0               1                   4
     8:45                 2                                    0                             0               5                   7
     9:00                 5                                    0                             1               2                   8
     9:15                 3                                    0                             1               3                   7
     9:30                 1                                    0                             1               5                   7
     9:45                 0                                    0                             0               1                   1
   10:00                  0                                    0                             0               3                   3
   10:15                  0                                    0                             1               2                   3
   10:30                  1                                    0                             0               1                   2
   10:45                  0                                    0                             0               0                   0
   11:00                  0                                    0                             0               0                   0
   11:15                  0                                    3                             0               0                   3
   11:30                  0                                    0                             0               0                   0
   11:45                  2                                    1                             0               2                   5
   12:00                  0                                    0                             0               0                   0
Total AM                  22                                   6                             6               35                 69

   12:15                  0                                   0                              0               1                   1
   12:30                  0                                   0                              0               0                   0
   12:45                  0                                   1                              0               1                   2
   13:00                  0                                   0                              0               0                   0
   13:15                  1                                   0                              0               0                   1
   13:30                  2                                   2                              0               0                   4
   13:45                  1                                   0                              0               0                   1
   14:00                  0                                   1                              0               0                   1
   14:15                  0                                   0                              1               1                   2
   14:30                  0                                   0                              0               1                   1
   14:45                  0                                   1                              0               0                   1
   15:00                  1                                   1                              0               0                   2
   15:15                  0                                   0                              1               1                   2
   15:30                  0                                   0                              0               0                   0
   15:45                  0                                   0                              0               0                   0
   16:00                  0                                   2                              0               2                   4
   16:15                  1                                   2                              1               1                   5
   16:30                  1                                   0                              2               0                   3
   16:45                  0                                   1                              1               0                   2
   17:00                  1                                   1                              1               0                   3
   17:15                  0                                   2                              0               2                   4
   17:30                  1                                   1                              4               1                   7
   17:45                  3                                   2                              0               0                   5
   18:00                  3                                   0                              2               0                   5
   18:15                  1                                   1                              1               1                   4
   18:30                  2                                   4                              2               0                   8
   18:45                  2                                   3                              4               1                  10
   19:00                  1                                   1                              1               4                   7
Total PM                  21                                  26                             21              17                 85
Type of peak hour being reported: Intersection Peak                                           Method for determining peak hour: Total Entering Volume
 LOCATION: 4th St -- T St NW                                                                                                QC JOB #: 10863049
 CITY/STATE: Washington, DC                                                                                                 DATE: Sat, Mar 23 2013
                       21           41                          Peak-Hour: 3:30 PM -- 4:30 PM                                0.0        2.4

                         4    11    6
                                                               Peak 15-Min: 3:30 PM -- 3:45 PM
                                                                                                                             0.0 0.0 0.0


       184   7                            10   181
                                                                                                                1.6   0.0                     10.0       2.2
             165             0.89        165
                                                                                                                      1.8                      1.8
       177   5                             6   174
                                                                                                                1.7   0.0                      0.0       1.7

                       15     24    3
                                                                                                                             0.0 0.0 0.0

                       22           42
                                                                                                                             0.0        0.0



                              20                                                                                              0    0    0



                                                                                                                      1                          1

             24                           31                                                                          0                          0

                                                                                                                      1                          0

                              8                                                                                               0    2    0




                             NA                                                                                                    NA




             NA                          NA                                                                           NA                       NA




                             NA                                                                                                    NA



 15-Min Count                    4th St                         4th St                  T St NW                    T St NW                    Total       Hourly
    Period                   (Northbound)                   (Southbound)              (Eastbound)                (Westbound)                              Totals
 Beginning At     Left        Thru Right       U     Left    Thru Right    U   Left   Thru Right    U    Left    Thru Right        U
    3:00 PM        4            4       0      0      3        2       2   0    6      39      1    0     2       27      4        0           94
    3:15 PM        1            1       2      0      2        1       3   0    3      36      2    0     0       51      5        0          107
    3:30 PM        2            5       2      0      2        3       0   0    3      39      2    0     1       57      2        0          118
    3:45 PM        2            8       0      0      3        2       1   0    2      37      2    0     2       26      2        0           87              406
    4:00 PM        3            3       1      0      1        3       1   0    1      51      0    0     1       36      4        0          105              417
    4:15 PM        8            8       0      0      0        3       2   0    1      38      1    0     2       46      2        0          111              421
    4:30 PM        3            8       2      0      1        3       1   0    3      32      0    0     2       29      4        0           88              391
    4:45 PM        6            7       0      0      1        2       2   0    2      35      2    0     1       30      5        0           93              397




 Peak 15-Min                     Northbound                     Southbound                Eastbound                  Westbound
   Flowrates      Left       Thru Right     U        Left   Thru Right    U    Left   Thru Right    U    Left    Thru Right    U                      Total
  All Vehicles     8          20      8     0         8      12      0     0    12    156      8    0     4      228     8     0                      472
 Heavy Trucks      0           0      0               0       0      0           0      0      0          0        8     0                              8
  Pedestrians                  8                             16                        16                         16                                   56
    Bicycles       0           0      0               0       0      0          0       0      0          0        0     1                              1
   Railroad
Stopped Buses
 Comments: 3014
Report generated on 4/1/2013 5:28 AM                                       SOURCE: Quality Counts, LLC (http://www.qualitycounts.net) 1-877-580-2212
