                                                                              WASA CLEAN RIVERS PROJECT
                                                                          BLOOMINGDALE AREA DATA COLLECTION
Location :               Rhode Island Ave @ 4th St, NE                                                                                                        City/Area:      Wahsington D.C.
Date Surveyed:          January 23, 2013                                                                                                                      Weather:        Cold/Cloudy/Dry
Intersection No.:       1                                                                                                                                     Technicians:    MD/DD
                                                                                               Total Traffic Volumes
                               4th Street, NE                                  4th Street, NE                      Rhode Island Avenue, NE                    Rhode Island Avenue, NE
                                                                                                                                                                                                  Int.
End Time                        From North                                      From South                                From East                                  From West
                                                                                                                                                                                                 Total
               Left       Thru     Right U-Turn           Total   Left    Thru     Right U-Turn   Total     Left    Thru     Right U-Turn    Total    Left     Thru     Right U-Turn    Total
   6:15          1          4         4       0             9      15       8        10       0     33       10      152       8      0       170      8        52        1      0        61      273
   6:30          4          4         9       0            17      12      11         9       0    32         9      184       7      0       200      6        48        0      1       55       304
   6:45          5         11        10       0            26      10       8        10       0     28       13      265      25      0       303      20        81       0      0       101      458
   7:00          5         15        16       0            36      21      10        13       0     44       10      305      18      1       334      25        71       1      1        98      512
   7:15          4         10        11       0            25      29      11        20       0     60       11      392      20      0       423      29        81       0      0       110      618
   7:30          6         18        11       0            35      17      14        34       0     65        8      397      32      0       437      37       116       1      0       154      691
   7:45          1         17        14       0            32      49      25        32       0    106       13      529      29      1       572      28       115       0      0       143      853
   8:00          3         28        15       0            46      57      29        62       1    149       16      448      31      0       495      25       126       0      1       152      842
   8:15          3         13        19       0            35      49      42        58       0    149       12      501      30      0       543      26       136       1      0       163      890
   8:30          9         20        20       0            49      38      35        36       1    110       20      429      37      0       486      30       167       0      1       198      843
   8:45          0         16        31       0            47      27      49        31       0    107       24      457      20      0       501      14       126       1      0       141      796
   9:00          2         19        38       0            59      41      49        26       0    116       26      392      26      0       444      30       148       1      0       179      798
   9:15          3         15        17       0            35      37      34        22       0     93       25      409      24      1       459      21       138       0      1       160      747
   9:30          8         17        31       0            56      37      21        21       0     79       22      309      38      0       369      26       154       0      0       180      684
   9:45          7         21        31       0            59      22      25        23       0     70       12      290      40      0       342      17       141       0      0       158      629
  10:00          6         16        33       0            55      40      22        21       0     83       15      245      38      1       299      16       128       0      0       144      581
  10:15          6         18        26       0            50      33      12        15       0     60       14      289      51      1       355      18       195       2      0       215      680
  10:30          5         15        16       0            36      41      13        17       0     71       13      200      35      0       248      19       163       0      0       182      537
  10:45          7         17        27       0            51      42      14        12       0     68       24      225      43      0       292      17       182       2      1       202      613
  11:00         10         13        26       0            49      44      16        13       0    73        16      212      36      0       264      22       150       0      0       172      558
  11:15         5          20        17       0            42      53      12        13       0    78        10      213      27      0       250      15       150       1      2       168      538
  11:30         1          13        20       0            34      50      10        19       0    79        11      176      34      1       222      20       159       0      1       180      515
  11:45         5          11        20       0            36      38       9        15       0     62       18      221      37      3       279      22       172       0      2       196      573
  12:00         3          12        33       0            48      32      11        18       0    61        20      205      49      1       275      15       165       2      0       182      566
Total AM       109         363      495       0            967    834      490      550       2   1,876     372     7,445     735    10      8,562    506      3,164     13     11      3,694    15,099
AM Peak
                 16        78         68         0         162    193     131     188      2       514      61         1,907   127     1     2,096    109       544      1       2       656     3,428
  Hour

  12:15          3         14         23         0          40     33      12      20      0        65       24         157     39      2     222     15        170      1       0       186      513
  12:30          4         12         26         0          42     37      21      17      0        75       17         192     34      2     245     13        175      0       0       188      550
  12:45          1         22         22         0          45     29       8      15      0        52       16         216     34      3     269     10        187      1       1       199      565
  13:00          4         15         27         0          46     48      16      11      0        75       21         175     47      1     244     12        193      2       0       207      572
  13:15          4         15         21         0          40     49      14      19      0        82       14         167     47      0     228     16        212      2       0       230      580
  13:30          4         11         16         0          31     33      17      23      0        73       17         146     24      0     187     15        205      0       0       220      511
 13:45           6         22         31         0          59     51      16      13      0        80       11         195     44      3     253     17        230      1       0       248      640
 14:00           7         15         29         0          51     35      13      21      0        69       22         193     40      2     257     17        181      3       0       201      578
 14:15           4         20         18         0          42     39      14      21      0        74       26         183     48      1     258     14        192      0       0       206      580
 14:30           5         17         26         0          48     31      14      18      0        63       10         173     43      3     229     19        258      0       0       277      617
 14:45           2         19         31         0          52     34      17      16      0        67       16         184     38      1     239     16        223      2       0       241      599
 15:00           2         27         30         0          59     47      18      20      0        85       13         230     41      2     286     16        276      1       0       293      723
 15:15           6         22         28         0          56     43      28      19      0        90       19         195     50      2     266     11        286      0       1       298      710
 15:30           7         34         30         0          71     48      24      21      0        93       16         227     41      3     287     22        272      0       1       295      746
 15:45           3         29         40         0          72     32      25      21      0        78       13         181     31      1     226     32        264      0       0       296      672
 16:00           5         22         38         0          65     43      23      24      0        90       11         154     42      0     207     19        304      1       0       324      686
 16:15           3         19         31         0          53     60      21      28      0       109       19         166     35      1     221     22        275      1       0       298      681
 16:30           3         21         42         0          66     49      21      22      0        92       21         214     52      0     287     37        349      1       0       387      832
 16:45           5         22         35         0          62     41      24      16      0        81       31         177     39      0     247     34        308      0       0       342      732
 17:00           5         22         35         0          62     53      19      23      0        95       22         173     42      0     237     35        325      2       0       362      756
 17:15           3         28         30         0          61     49      21      24      0        94       19         180     38      0     237     32        333      0       0       365      757
 17:30           3         33         44         0          80     50      15      28      0        93       15         263     44      2     324     43        376      0       0       419      916
 17:45           6         48         52         0         106     48      22      26      0        96       13         186     55      2     256     42        352      0       1       395      853
 18:00           3         41         27         0          71     37      16      22      0        75       16         197     46      0     259     43        300      1       0       344      749
 18:15           2         27         29         0          58     31      14      18      0        63       20         175     38      1     234     42        339      0       1       382      737
 18:30           5         29         34         0          68     42      19      16      0        77       15         145     56      0     216     28        323      0       0       351      712
 18:45           1         22         19         0          42     49      16      11      0        76       13         158     42      1     214     17        267      0       0       284      616
 19:00           3         18         22         0          43     46      11      19      0        76        8         131     35      2     176     25        268      0       0       293      588
Total PM        109       646        836         0        1,591   1,187   499     552      0      2,238     478        5,133   1,165   35    6,811    664      7,443     19      5      8,131    18,771
PM Peak
                 17        131       161         0         309    200      77     101      0       378      69         802     179     4     1,054    152      1,386     2       1      1,541    3,282
  Hour

 13-Hour
                218      1,009      1,331        0        2,558   2,021   989    1,102     2      4,114     850    12,578      1,900   45    15,373   1,170   10,607     32     16      11,825   33,870
  Total




           Data Collected by:
               O. R. George Associates, Inc.
               10210 Greenbelt Road, Suite 310, Lanham MD 20706
                Phone: (301) 794-7700 Fax: (301) 794 4400                                                                                                                                             1
                                                                   WASA CLEAN RIVERS PROJECT
                                                               BLOOMINGDALE AREA DATA COLLECTION

 Location :                       Rhode Island Ave, NE @ 4th St, NE                                     City/Area:     Washington, D.C.
 Date Surveyed:                  January 23, 2013                                                       Weather:       Cold/Cloudy/Dry
 Intersection No.:               1                                                                      Technicians:   MD/DD


                                              Pedestrian Volumes
                                                     Rhode Island Avenue,   Rhode Island
                4th Street, NE      4th Street, NE
                                                              NE            Avenue, NE
  End Time                                                                                 Int. Total
                 From North          From South          From East           From West
                   Adults              Adults               Adults             Adults
     6:15             2                   3                     0                3              8
     6:30             2                   1                     1                3              7
     6:45             3                   0                     0                2              5
     7:00             3                   2                     3                0              8
     7:15             3                   6                     3                5             17
     7:30             5                   1                     2                4             12
     7:45             9                   3                     1                5             18
     8:00             7                   5                     7                6             25
     8:15             7                   8                     2                3             20
     8:30             8                   8                    13                7             36
     8:45             8                  15                    10                4             37
     9:00            11                   9                     7                4             31
     9:15            10                   6                     9                5             30
     9:30             4                  10                    13                0             27
     9:45             7                   4                     4                2             17
    10:00             5                   4                     9                0             18
    10:15             5                   5                    11                3             24
    10:30            10                   5                    10                3             28
    10:45            10                   3                     0                1             14
    11:00             9                   2                     0                1             12
    11:15             6                   2                     7                4             19
    11:30            14                   0                     7                4             25
    11:45             2                   0                     9                0             11
    12:00             4                   0                     8                0             12
  Total AM          154                 102                   136               69            461

   12:15              7                   3                     7                0             17
   12:30              2                   2                    16                2             22
   12:45              6                   1                     8                2             17
   13:00              7                   2                    20                0             29
   13:15              2                   2                     7                4             15
   13:30              0                   2                     5                0              7
   13:45              9                   1                    16                4             30
   14:00              1                   2                    10                7             20
   14:15              6                   0                    12                0             18
   14:30              3                   2                    12                0             17
   14:45              5                   2                    12                2             21
   15:00              2                   2                     4                1              9
   15:15              4                   0                    12                2             18
   15:30              3                   1                     7                3             14
   15:45              0                   0                    11                1             12
   16:00              2                   2                    10                5             19
   16:15              6                   1                    11                1             19
   16:30              2                   2                    14                8             26
   16:45              3                   3                     8                7             21
   17:00              4                   2                    12                0             18
   17:15              8                   0                     5                2             15
   17:30              7                   0                    10                1             18
   17:45              9                   0                     5                1             15
   18:00              8                   0                     6                1             15
   18:15              9                   0                     2                2             13
   18:30              6                   0                    16                2             24
   18:45              6                   0                     7                0             13
   19:00              3                   0                    13                0             16
  Total PM           130                 32                   278               58            498




Data Collected by:
    O. R. George Associates, Inc.
    10210 Greenbelt Road, Suite 310, Lanham MD 20706
     Phone: (301) 794-7700 Fax: (301) 794 4400                                                                                            2
Type of peak hour being reported: Intersection Peak                                           Method for determining peak hour: Total Entering Volume
 LOCATION: 4th St -- Rhode Island Ave NE                                                                                    QC JOB #: 10862922
 CITY/STATE: Washington, DC                                                                                                 DATE: Wed, Jan 30 2013
                    202            265                          Peak-Hour: 7:00 PM -- 8:00 PM                                3.5        3.0

                       42    54 106
                                                               Peak 15-Min: 7:15 PM -- 7:30 PM
                                                                                                                             4.8 0.0 4.7


       529   57                          147   659
                                                                                                                0.6   7.0                      2.7       0.9
             665            0.86         475
                                                                                                                      2.4                      0.2
       725   3                            37   829
                                                                                                                2.8   0.0                      2.7       2.8

                       10    63    57
                                                                                                                             0.0 0.0 3.5

                       93          130
                                                                                                                             1.1        1.5



                             30                                                                                               0    1    0



                                                                                                                      0                          0

             25                           51                                                                          1                          1

                                                                                                                      0                          0

                             36                                                                                               0    2    2




                            NA                                                                                                     NA




             NA                          NA                                                                           NA                       NA




                            NA                                                                                                     NA



 15-Min Count                   4th St                          4th St            Rhode Island Ave NE       Rhode Island Ave NE               Total       Hourly
    Period                  (Northbound)                    (Southbound)             (Eastbound)               (Westbound)                                Totals
 Beginning At     Left       Thru Right        U     Left    Thru Right    U   Left Thru Right      U    Left Thru Right      U
    7:00 PM        5          17     18        0      28      10     10    0    14   190       0     0     9   124      45     0              470
    7:15 PM        1          18     16        0      32      17     11    0    23   200       2     1    11   128      37     1              498
    7:30 PM        3          12     14        0      24      15     12    0    10   163       1     0    11   132      34     0              431
    7:45 PM        1          16       9       0      22      12       9   0     8   112       0     1     5    91      31     0              317             1716
    8:00 PM        0           0       0       0       0       0       0   0     0     0       0     0     0     0       0     0                0             1246
    8:15 PM        0           0       0       0       0       0       0   0     0     0       0     0     0     0       0     0                0              748
    8:30 PM        0           0       0       0       0       0       0   0     0     0       0     0     0     0       0     0                0              317
    8:45 PM        0           0       0       0       0       0       0   0     0     0       0     0     0     0       0     0                0                0




 Peak 15-Min                    Northbound                      Southbound                Eastbound                  Westbound
   Flowrates      Left      Thru Right     U         Left   Thru Right    U    Left   Thru Right    U    Left    Thru Right    U                      Total
  All Vehicles     4         72     64     0         128     68     44     0    92    800      8    4     44     512   148     4                      1992
 Heavy Trucks      0          0      0                 0      0      4           4      8      0           4       4     4                              28
  Pedestrians                24                              24                        24                         40                                   112
    Bicycles       0          0      0                 0      0      0          0       1      0          0        0     0                               1
   Railroad
Stopped Buses
 Comments: 3032
Report generated on 3/27/2013 8:54 AM                                      SOURCE: Quality Counts, LLC (http://www.qualitycounts.net) 1-877-580-2212
Type of peak hour being reported: Intersection Peak                                             Method for determining peak hour: Total Entering Volume
 LOCATION: 4th St -- Rhode Island Ave NE                                                                                      QC JOB #: 10862923
 CITY/STATE: Washington, DC                                                                                                   DATE: Sat, Feb 02 2013
                     366            359                           Peak-Hour: 2:00 PM -- 3:00 PM                                3.3        2.8

                        93    73 200
                                                                 Peak 15-Min: 2:15 PM -- 2:30 PM
                                                                                                                               4.3 1.4 3.5


       1086   101                         197   1238
                                                                                                                  1.8   4.0                      3.0       2.1
              901            0.95         970
                                                                                                                        2.8                      1.6
       1006   4                            71   1197
                                                                                                                  2.9   0.0                      5.6       2.9

                        22    63    90
                                                                                                                               0.0 0.0 3.3

                     143            175
                                                                                                                               3.5        1.7



                              21                                                                                                0    0    0



                                                                                                                        0                          0

              19                           86                                                                           0                          1

                                                                                                                        0                          0

                              68                                                                                                0    0    0




                             NA                                                                                                      NA




              NA                          NA                                                                            NA                       NA




                             NA                                                                                                      NA



 15-Min Count                    4th St                           4th St            Rhode Island Ave NE       Rhode Island Ave NE               Total       Hourly
    Period                   (Northbound)                     (Southbound)             (Eastbound)               (Westbound)                                Totals
 Beginning At      Left       Thru Right        U      Left    Thru Right    U   Left Thru Right      U    Left Thru Right      U
    1:00 PM         16         25     28        0       58       6     24    0    19   233       0     2     9   193      53     7              673
    1:15 PM          2         22     28        0       60      22     25    0    21   218       1     1    19   243      54     3              719
    1:30 PM          3         23     30        0       48      19     22    0    21   219       1     0    16   203      42     3              650
    1:45 PM          2         13     22        0       50      18     24    0    24   217       1     2    21   230      41     3              668             2710
    2:00 PM          6         15     24        0       49      17     15    0    29   223       1     0    11   240      47     2              679             2716
    2:15 PM          5         15     20        0       45      25     30    0    27   257       1     0    17   240      46     2              730             2727
    2:30 PM          4         16     26        0       55      17     28    0    20   208       0     2    15   255      56     1              703             2780
    2:45 PM          6         17     20        1       51      14     20    0    23   213       2     0    22   235      48     1              673             2785
    3:00 PM          7         22     21        0       42      17     22    0    23   235       0     0    15   194      58     3              659             2765
    3:15 PM          8         12     29        0       48      14     32    0    16   216       5     0    19   204      50     4              657             2692
    3:30 PM          4         25     28        0       43      16     26    0    25   251       1     1    26   228      33     3              710             2699
    3:45 PM          8         22     25        1       46      27     27    0    18   208       1     2    25   223      44     4              681             2707
    4:00 PM          6         25     30        0       43      16     20    0    30   252       2     0    15   200      43     1              683             2731
    4:15 PM          3         15     26        0       53      17     25    0    24   219       0     0    15   205      51     1              654             2728
    4:30 PM          1         17     28        0       43      15     24    0    18   218       2     0    18   189      57     1              631             2649
    4:45 PM         12         12     23        0       34      22     27    0    19   199       1     0    15   204      45     2              615             2583
    5:00 PM          7          8     23        0       26      13     20    0    17   216       0     0    12   191      51     1              585             2485
    5:15 PM          5         11     26        0       42      13       4   0    21   186       0     3    13   164      35     1              524             2355
    5:30 PM          6         14     26        0       34      10     15    0    23   209       1     0    17   202      55     2              614             2338
    5:45 PM          4         16     19        0       36      14     22    0    15   186       0     1     5   188      32     3              541             2264




 Peak 15-Min                     Northbound                       Southbound              Eastbound                    Westbound
   Flowrates       Left      Thru Right     U          Left   Thru Right    U    Left Thru Right    U      Left    Thru Right    U                      Total
  All Vehicles      20        60     80     0          180    100    120     0   108 1028      4    0       68     960   184     8                      2920
 Heavy Trucks        0         0      8                  4      0      4           4   20      0             8      20     4                              72
  Pedestrians                 48                               20                       4                           68                                   140
    Bicycles        0          0      0                  0      0      0           0    0      0            0        0     0                               0
   Railroad
Stopped Buses
 Comments: 3032
Report generated on 3/27/2013 8:54 AM                                        SOURCE: Quality Counts, LLC (http://www.qualitycounts.net) 1-877-580-2212
