                                                                              WASA CLEAN RIVERS PROJECT
                                                                          BLOOMINGDALE AREA DATA COLLECTION
Location :             Rhode Island Ave @ V St, NE                                                                                                            City/Area:      Wahsington D.C.
Date Surveyed:        January 23, 2013                                                                                                                        Weather:        Cold/Cloudy/Dry
Intersection No.:     3                                                                                                                                       Technicians:    AL/GC
                                                                                            Total Traffic Volumes
                          Summit Place, NE                                       V Street, NE                       Rhode Island Avenue, NE                        Rhode Island Avenue, NE
                             From South                                           From East                             From Northeast                                From Southwest                      Int.
End Time
                                Bear                                                                                                                                            Hard                     Total
              Left      Thru            Right           Total      Left   Thru      Right U-Turn    Total    Left    Thru    Right U-Turn     Total    Left    Thru Right              U-Turn   Total
                                Right                                                                                                                                           Right
    6:15        0        0        1       0               1         7      0          0         0     7       0       135     3       0        138      0        60       4       0       0       64      210
    6:30        0        0        1       0               1         1      0          1         0     2       0       193     2       0        195      0        53       4       1       0       58      256
    6:45        0        0        1       0               1         7      1          0         0     8       0       272     5       0        277      0       101       4       0       0      105      391
    7:00        0        0        2       0               2         3      1          0         0     4       0       327     4       0        331      0        90       6       0       0       96      433
    7:15        0        0        2       0               2        10       1         0         0     11      0       372     4       0        376      0       121       6       0       1      128      517
    7:30        0        0        2       0               2         2      0          0         0     2       0       403     8       0        411      0       148       9       0       4      161      576
    7:45        0        0        2       0               2         5      2          0         0     7       0       496    14       0        510      0       141       1       1       2      145      664
    8:00        0        0        3       0               3        11       2         0         0     13      0       526     6       0        532      0       177       2       1       4      184      732
    8:15        0        0        7       0               7        13       1         0         0     14      0       507     9       0        516      0       160       6       0       2      168      705
    8:30        0        0       11       0               11        4       1         0         0      5      0       462     9       0        471      0       180       5       0       5      190      677
    8:45        0        0       10       1               11        3       3         2         0      8      0       446    20       4        470      0       131       8       0      12      151      640
    9:00        0        0        2       0               2         4      0          0         0     4       0       429     8       0        437      0       180       4       1       2      187      630
    9:15        0        0        3       0               3         9      1          1         0    11       0       380    12       0        392      0       162       4       2       1      169      575
    9:30        0        0        3       1               4         6      1          0         0     7       0       333     5       0        338      0       181       9       1       2      193      542
    9:45        0        0        1       1               2         6      1          0         0     7       0       283     9       0        292      0       157       3       0       3      163      464
   10:00        0        0        2       0               2         7      1          0         0     8       0       282     2       0        284      0       154       3       1       0      158      452
   10:15        0        0        1       0               1         2      0          0         0     2       0       278     7       0        285      0       203       7       0       3      213      501
   10:30        0        0        1       0               1         0      0          0         0     0       0       200     4       0        204      0       187       8       0       0      195      400
   10:45        0        0        2       0               2         0      0          0         0     0       0       229     4       0        233      0       188       5       0       0      193      428
   11:00        0        0        0       0               0         3      0          0         0     3       0       213    10       0        223      0       177       3       0       1      181      407
   11:15        0        0        0       0               0         2      2          0         0     4       0       214     5       0        219      0       177       3       0       1      181      404
   11:30        0        0        2       2               4         1      0          0         0     1       0       198     7       0        205      0       194       4       2       0      200      410
   11:45        0        0        4       1               5         3      0          0         0     3       0       218    13       0        231      0       221       4       1       1      227      466
   12:00        0        0        2       0               2         5      3          0         0     8       0       207     7       1        215      0       183       6       4       1      194      419
Total AM        0        0       65       6               71       114     21         4         0    139      0      7,603   177      5       7,785     0      3,726    118      15      45     3,904    11,899
AM Peak
                0          0         23         0         23       33      6          0         0    39       0      1,991    38      0       2,029     0       658      14      2       13      687     2,778
  Hour

   12:15        0          0         4         1          5         8      1          0         0     9       0       172     7       0        179      0       176      4      2        1       183      376
   12:30        0          0         2         0          2         2      0          0         0     2       0       191     8       0        199      0       209      4      2        0       215      418
   12:45        0          0         0         0          0         2      2          0         0     4       0       194     2       0        196      0       197      4      0        0       201      401
   13:00        0          0         3         0          3         0      0          0         0     0       0       198     4       0        202      0       212      5      0        0       217      422
   13:15        0          0         2         0          2         0      0          0         0     0       0       180     6       0        186      0       213      5      0        0       218      406
   13:30        0          0         1         0          1         3      0          0         0     3       0       164     3       0        167      0       204      6      2        0       212      383
   13:45        0          0         0         0          0         1      0          0         0     1       0       196     7       0        203      0       250     11      2        1       264      468
   14:00        0          0         0         0          0         8      1          1         0    10       0       204    11       0        215      0       208     13      6        4       231      456
   14:15        0          0         0         0          0         0      2          0         0     2       0       199     6       0        205      0       217      6      0        0       223      430
   14:30        0          0         0         1          1         5      1          0         0     6       0       176     8       0        184      0       279      3      3        1       286      477
   14:45        0          0         4         2          6         3      0          1         0     4       0       198     7       0        205      0       261      2      0        0       263      478
   15:00        0          0         1         0          1         6      1          0         0     7       0       219    11       0        230      0       296     10      1        3       310      548
   15:15        0          0         4         0          4        11      3          1         0    15       0       211    16       0        227      0       297      9      0        0       306      552
   15:30        0          0         5         2          7         3      2          0         0     5       0       239    14       0        253      0       312      2      1        2       317      582
   15:45        0          0         3         1          4         9      1          1         0    11       0       198    15       0        213      0       291      5      0        2       298      526
   16:00        0          0         4         0          4         5      1          1         0     7       0       175    15       0        190      0       327     11      0        3       341      542
   16:15        0          0         2         0          2         4      1          0         0     5       0       191    16       0        207      0       332     10      2        2       346      560
   16:30        0          0         7         0          7         3      0          0         0     3       0       230    10       0        240      0       403     11      2        2       418      668
   16:45        0          0         6         1          7         5      0          0         0     5       0       187     9       0        196      0       355     10      1        6       372      580
   17:00        0          0         1         3          4        10      0          0         0    10       0       196    11       0        207      0       408      3      2        6       419      640
   17:15        0          0         3         0          3         6      0          1         0     7       0       203    10       0        213      0       404      6      1        4       415      638
   17:30        0          0         7         1          8         3      0          1         0     4       0       262    15       0        277      0       424      8      1        2       435      724
   17:45        0          0         8         0          8         5      0          0         0     5       0       224     7       0        231      0       371      7      0        3       381      625
   18:00        0          0         2         1          3         7      0          0         0     7       0       196    15       0        211      0       360      8      1        3       372      593
   18:15        0          0         7         0          7         8      1          0         0     9       7       186    10       0        203      0       382      6      2        6       396      615
   18:30        0          0         2         0          2         2      0          1         0     3       2       153     5       0        160      0       357      7      5        0       369      534
   18:45        0          0         5         0          5         0      1          1         0     2       5       163    13       0        181      0       304      9      1        0       314      502
   19:00        0          0         1         0          1         4      0          0         0     4       1       140     3       0        144      0       294      3      1        0       298      447
Total PM        0          0         84        13         97       123     18         9         0    150      15     5,445   264      0       5,724     0      8,343    188     38       51     8,620    14,591
PM Peak
                0          0         19         4         23       24      0          2         0    26       0       885     43      0        928      0      1,607     24      4       15     1,650    2,627
 Hour

 13-Hour
                0          0        149        19        168       237     39        13         0    289      15    13,048   441      5       13,509    0     12,069    306     53       96     12,524   26,490
  Total




            Data Collected by:
                O. R. George Associates, Inc.
                10210 Greenbelt Road, Suite 310, Lanham MD 20706
                 Phone: (301) 794-7700 Fax: (301) 794 4400                                                                                                                                                        1
                                                                             WASA CLEAN RIVERS PROJECT
                                                                         BLOOMINGDALE AREA DATA COLLECTION

Location :                        Rhode Island Ave @ V St, NE                                                                               City/Area:     Wahsington D.C.
Date Surveyed:                   January 23, 2013                                                                                           Weather:       Cold/Cloudy/Dry
Intersection No.:                3                                                                                                          Technicians:   AL/GC


                                                           Pedestrian Volumes
                                                                                                          Rhode Island Avenue,
              Summit Place, NE       V Street, NE               V Street, NE    Rhode Island Avenue, NE
                                                                                                                   NE
End Time                                                                                                                       Int. Total
              Across South Leg     Across West Leg         Across East Leg        Across Northeast Leg      Across West Leg
                   Adults              Adults                  Adults                    Adults                  Adults
  6:15                 4                  1                        3                        0                       1               9
  6:30                 0                  0                        1                        2                       0               3
  6:45                 3                  0                        2                        0                       0               5
  7:00                 2                  0                        0                        1                       0               3
  7:15                 3                  1                        1                        1                       1               7
  7:30                 2                  0                        0                        0                       0               2
  7:45                 7                  2                        2                        1                       2              14
  8:00                 6                  0                        7                        0                       0              13
  8:15                14                  0                       13                        3                       0              30
  8:30                13                  0                        4                        1                       0              18
  8:45                10                  0                       15                        0                       0              25
  9:00                 6                  0                        8                        2                       0              16
  9:15                 6                  0                        5                        2                       0              13
  9:30                 9                  1                        3                        2                       1              16
  9:45                 3                  0                        2                        0                       0               5
  10:00                2                  0                        0                        2                       0               4
  10:15                1                  1                        1                        0                       1               4
  10:30                0                  0                        2                        1                       1               4
  10:45                0                  0                        1                        0                       1               2
  11:00                6                  0                        0                        0                       0               6
  11:15                4                  0                        0                        0                       0               4
  11:30                4                  0                        2                        3                       0               9
  11:45                2                  0                        2                        1                       0               5
  12:00                7                  0                        2                        0                       0               9
Total AM             114                  6                       76                       22                       8             226

 12:15               3                     0                        0                      1                       0                4
 12:30               7                     1                        0                      5                       1               14
 12:45               3                     0                        0                      0                       0                3
 13:00               0                     0                        1                      0                       1                2
 13:15                0                    0                         1                      0                      1                2
 13:30                6                    0                         2                      0                      0                8
 13:45                5                    0                         0                      1                      0                6
 14:00                2                    0                         2                      0                      0                4
 14:15                3                    0                         0                      0                      0                3
 14:30                6                    0                         1                      1                      0                8
 14:45                7                    0                         1                      1                      0                9
 15:00                6                    0                         1                      2                      0                9
 15:15                3                    0                         0                      4                      0                7
 15:30               10                    0                         1                      1                      0               12
 15:45               12                    0                         1                      2                      0               15
 16:00               10                    0                         1                      3                      0               14
 16:15               15                    0                         2                      0                      0               17
 16:30               13                    0                         3                      5                      0               21
 16:45               11                    0                         0                      1                      0               12
 17:00               10                    0                         0                      1                      0               11
 17:15                4                    0                         0                      4                      0                8
 17:30                5                    0                         1                      0                      0                6
 17:45               13                    0                         0                      4                      0               17
 18:00                4                    0                         2                      0                      0                6
 18:15                7                    0                         2                      1                      0               10
 18:30                6                    1                         1                      0                      1                9
 18:45                4                    0                         0                      3                      0                7
 19:00                4                    1                         3                      1                      1               10
Total PM            179                    3                        26                     41                      5               254




  Data Collected by:
      O. R. George Associates, Inc.
      10210 Greenbelt Road, Suite 310, Lanham MD 20706
       Phone: (301) 794-7700 Fax: (301) 794 4400                                                                                                                             2
