                                                                         WASA CLEAN RIVERS PROJECT
                                                                     BLOOMINGDALE AREA DATA COLLECTION
Location :           Florida Avenue @ North Capitol St NW/ NE                                                                                      City/Area:       Wahsington D.C.
Date Surveyed:       2/6/2013                                                                                                                      Weather:         Sunny
Intersection No.:    7                                                                                                                             Technicians:     MCV
                                                                                    Total Traffic Volumes

                                                                                                                                                                                       Int.
End Time
                            North Capitol Street                      North Capitol Street                      Florida Avenue                           Florida Avenue               Total
                                From North                                From South                              From East                                     From West
              Left         Thru     Right U-Turn     Total   Left    Thru    Right U-Turn    Total   Left   Thru     Right U-Turn   Total   Left    Thru      Right U-Turn   Total
       6:15    1            305        4         0    310     0       185      0        0     185     1      113      18       0     132     0        49        6       0      55      682
       6:30    0            427        4         0    431     0       272      0        0     272     0      159      44       0     203     2        38        7       0      47      953
       6:45    0            389        5         0    394     1       302      0        0     303     2      152      44       0     198     0        69       19       0      88      983
       7:00    0            395        4         0    399     0       317      0        0     317     2      171      50       0     223     2        73       12       0      87     1026
       7:15    0            428        3         0    431     0       331      0        0     331     6      200      41       0     247     0       104       32       0     136     1145
       7:30    0            492        8         0    500     0       375      0        0     375     2      201      45       0     248     0        61       23       0      84     1207
       7:45    0            525        7         0    532     0       409      0        0     409     0      209      28       0     237     0        82       34       0     116     1294
       8:00    0            458        9         0    467     0       440      1        0     441     0      207      43       0     250     0        99       34       0     133     1291
       8:15    3            487        5         0    495     0       430      2        0     432     1      201      27       0     229     0       135       33       0     168     1324
       8:30    2            495        6         0    503     1       358      2        0     361     1      204      34       0     239     0       114       35       0     149     1252
       8:45    0            482        5         0    487     0       396      0        0     396     1      145      29       0     175     0       104       34       0     138     1196
       9:00    0            429        8         0    437     0       309      0        0     309     0      131      32       0     163     0       109       39       0     148     1057
       9:15    0            527        3         0    530     0       322      0        0     322     0      135      16       0     151     0       105       27       0     132     1135
       9:30    0            439        8         0    447     0       245      0        0     245     1      120      23       0     144     0        86       27       0     113      949
       9:45    0            405       10         0    415     0       288      1        0     289     0      166      37       0     203     2        91       31       0     124     1031
      10:00    0            329       11         0    340     0       292      2        0     294     1      154      47       0     202     0        64       16       0      80      916
      10:15    0            342        8         0    350     0       317      0        0     317     0      157      29       0     186     5        92       20       0     117      970
      10:30    0            309        1         0    310     0       305      0        0     305     2      148      24       0     174     7       102       31       0     140      929
      10:45    0            295        1         0    296     3       315      1        0     319     4      126      44       0     174     3        69       11       0      83      872
      11:00    1            342        3         0    346     1       238      0        0     239     2      115      36       0     153     3        54       18       0      75      813
      11:15    0            387        7         0    394     0       220      2        0     222     0      136      54       0     190     2        73       14       0      89      895
      11:30    1            315        3         0    319     0       236      0        0     236     0      143      65       0     208     2        90       24       0     116      879
      11:45    0            287       18         0    305     1       287      0        0     288     0      141      39       0     180     2       106       27       0     135      908
      12:00    0            335        7         0    342     0       295      1        0     296     0      164      53       0     217     3        88       27       0     118      973
Total AM        8          9624      148      0      9780       7    7484    12       0      7503     26    3798    902      0      4726    33      2057     581       0     2671     24680
 AM Peak
                5          1965      27       0      1997       1    1637     5       0      1643     2     821     132      0      955      0       430     136       0      566     5161
  Hour

      12:15     0           279      15       0       294       0     302     2       0       304     1     157     43       0      201      8        81      21       0      110      909
      12:30     1           291       6       0       298       0     278     0       0       278     2     150     45       0      197      3       105      15       0      123      896
      12:45     0           286       6       0       292       0     245     2       0       247     2     165     55       0      222      2       103      19       0      124      885
      13:00     0           275       7       0       282       0     212     1       0       213     0     127     50       0      177      5        96      34       0      135      807
      13:15     0           295       0       0       295       0     187     0       0       187     1     131     58       0      190      2       101      21       0      124      796
      13:30     0           215       0       0       215       0     285     0       0       285     0     142     62       0      204      2       121      15       0      138      842
      13:45     0           275       2       0       277       0     287     1       0       288     1     158     98       0      257      1       144      19       0      164      986
      14:00     0           268      10       0       278       1     265     3       0       269     0     186     63       0      249      3       106      26       0      135      931
      14:15     0           292       7       0       299       1     245     2       0       248     1     139     44       0      184      2       125      25       0      152      883
      14:30     0           282       4       0       286       0     385     4       0       389     0     119     53       0      172      2       162      27       0      191     1038
      14:45     0           339       9       0       348       0     362     2       0       364     3     144     90       0      237      3       127      27       0      157     1106
      15:00     0           274      13       0       287       0     409     0       0       409     0     159     61       0      220      3       125      16       0      144     1060
      15:15     0           372      10       0       382       0     452     2       0       454     2     158     69       0      229      4       103      19       0      126     1191
      15:30     0           279       7       0       286       0     503     2       0       505     1     145     59       0      205      5       121      28       0      154     1150
      15:45     0           389       4       0       393       1     454     1       0       456     0     117     59       0      176      2       138      12       0      152     1177
      16:00     0           329       5       0       334       0     507     0       0       507     0     152     57       0      209     0        120      25       0      145     1195
      16:15     0           421       4       0       425       0     337     2       0       339     0     131     52       0      183     9        129      36       0      174     1121
      16:30     0           362       3       0       365       1     505     0       0       506     1     125     45       0      171     0        102      19       0      121     1163
      16:45     0           394       6       0       400       4     457     1       0       462     1     199     39       0      239     1        119      36       0      156     1257
      17:00     9           305      10       0       324       0     446     0       0       446     1     154     26       0      181     0        131      47       0      178     1129
      17:15     0           401      17       0       418       1     527     3       0       531     0     154     50       0      204     1        117      28       0      146     1299
      17:30     0           305       9       0       314       0     620     0       0       620     0     167     55       0      222     0        157      40       0      197     1353
      17:45     0           325       3       0       328       0     509     4       0       513     0     131     57       0      188     0        155      20       0      175     1204
      18:00     0           227      14       0       241       1     575     2       0       578     1     162     43       0      206     0        140      23       0      163     1188
      18:15     0           264       8       0       272       0     525     2       0       527     0     172     49       0      221     11       148      29       0      188     1208
      18:30     0           256       3       0       259       1     542     1       0       544     2     206     54       0      262     1        153      35       0      189     1254
      18:45     1           243      11       0       255       0     467     1       0       468     3     194     47       0      244     2        120      31       0      153     1120
      19:00     0           229       4       0       233       0     459     2       0       461     4     154     56       0      214     1        118      12       0      131     1039
Total PM       11          8472      197      0      8680       11   11347   40       0      11398    27    4298   1539      0      5864    73      3467     705       0     4245     30187
 PM Peak
                0          1258      43       0      1301       2    2231     9       0      2242     1     614     205      0      820      1       569     111       0      681     5044
  Hour

 13-Hour
               19          18096     345      0      18460      18   18831   52       0      18901    53    8096   2441      0      10590   106     5524     1286      0     6916     54867
  Total




       JMT
       72 Loveton Circle
       Sparks MD 21052
                                                            WASA CLEAN RIVERS PROJECT
                                                        BLOOMINGDALE AREA DATA COLLECTION

Location :                  Florida Avenue @ North Capitol St NW/ NE                                                       City/Area:     Wahsington D.C.
Date Surveyed:             2/6/2013                                                                                        Weather:       Sunny
Intersection No.:          7                                                                                               Technicians:   MCV

                                                                       Pedestrian Volumes

End Time         North Capitol Street             North Capitol Street                   Florida Avenue             Florida Avenue         Total
                  Across North Leg                 Across South Leg                    Across East Leg                 Across West Leg
               Children         Adults          Children         Adults            Children          Adults   Children           Adults
     6:15          0               2                0               1                  0               1         0                  4        8
     6:30          0               2                0               9                  0               1         0                  7       19
     6:45          0               0                0               5                  0               3         0                  8       16
     7:00          0               2                0               8                  0               4         0                 10       24
     7:15          0               8                0              18                  0               4         0                  8       38
     7:30          0               4                0              17                  0               6         0                  9       36
     7:45          0              12                0              16                  0               9         0                 11       48
     8:00          0               5                0              10                  0               5         0                 14       34
     8:15          1              19                0              16                  0               9         0                 26       71
     8:30          0               9                0              13                  0               8         0                  6       36
     8:45          0              16                0              11                  0               1         0                  4       32
     9:00          0              11                0              11                  0               3         0                  7       32
     9:15          0               5                0               7                  0               0         0                 11       23
     9:30          0               1                0               6                  0               0         0                  7       14
     9:45          0              15                0               9                  0              11         0                 11       46
   10:00           0               1                0               4                  0               6         0                  6       17
   10:15           0               5                0              12                  0               0         0                  1       18
   10:30           0               5                0              12                  0               3         0                  8       28
   10:45           0               2                0               5                  0               5         0                  6       18
   11:00           0               0                0               0                  0               2         0                  3        5
   11:15           0               8                0               5                  0               3         0                  6       22
   11:30           0               6                0               4                  0               1         0                  3       14
   11:45           0               4                0              11                  0               1         0                  0       16
   12:00           0               8                0               6                  0               4         0                  5       23
Total AM           1             150                0             216                  0              90         0                181       638

   12:15            0             9                 0                  12             0                1         0                17        39
   12:30            0             8                 0                   4             0                0         0                 3        15
   12:45            0             0                 0                   8             0                0         0                 3        11
   13:00            0             4                 0                  17             0                0         0                10        31
   13:15            0             0                 0                  12             0                0         0                 0        12
   13:30            0             0                 0                   8             0                0         0                 0         8
   13:45            0             4                 0                  10             0                0         0                15        29
   14:00            0             9                 0                  14             0                3         0                13        39
   14:15            0             7                 0                  10             0                4         0                10        31
   14:30            0            11                 0                  12             0                3         0                 2        28
   14:45            0             0                 0                  12             0                2         0                 5        19
   15:00            0             3                 0                  13             0                0         0                 2        18
   15:15            0             4                 0                   7             0                5         0                 2        18
   15:30            0             6                 0                   9             0                1         0                 5        21
   15:45            0             0                 0                  11             0                0         0                 0        11
   16:00            0             5                 0                  17             0                3         0                 0        25
   16:15            0             3                 0                  12             0                7         0                 0        22
   16:30            0             0                 0                   4             0                0         0                 0         4
   16:45            0             1                 0                   4             0                0         0                 0         5
   17:00            0             3                 0                   8             0                0         0                 5        16
   17:15            1             0                 0                  15             0                0         0                 5        21
   17:30            0             5                 0                  26             0                5         1                 6        43
   17:45            0             1                 0                   8             0                0         0                 9        18
   18:00            0             2                 0                   9             0                1         0                14        26
   18:15            0             4                 0                  13             0                5         0                 5        27
   18:30            0             7                 0                   7             0                0         0                 0        14
   18:45            0             5                 0                  13             0                0         0                 3        21
   19:00            0             0                 0                   3             0                1         0                 2         6
Total PM            1            101                0                  298            0               41         1                136       578
                                                           WASA CLEAN RIVERS PROJECT
                                                       BLOOMINGDALE AREA DATA COLLECTION

Location :                     Florida Avenue @ North Capitol St NW/ NE                                            City/Area:     Wahsington D.C.
Date Surveyed:                2/6/2013                                                                             Weather:       Sunny
Intersection No.:             7                                                                                    Technicians:   MCV

                                                                          Bikes Volumes

End Time            North Capitol Street            North Capitol Street                  Florida Avenue    Florida Avenue         Total
                     Across North Leg                Across South Leg                     Across East Leg      Across West Leg

     6:15                   0                                 0                                 0                 1                  1
     6:30                   0                                 0                                 1                 0                  1
     6:45                   0                                 1                                 0                 0                  1
     7:00                   1                                 2                                 1                 0                  4
     7:15                   1                                 2                                 3                 0                  6
     7:30                   0                                 1                                 2                 0                  3
     7:45                   0                                 4                                 2                 0                  6
     8:00                   3                                 1                                 0                 0                  4
     8:15                   0                                 0                                 0                 0                  0
     8:30                   2                                 3                                 0                 1                  6
     8:45                   0                                 2                                 0                 0                  2
     9:00                   0                                 1                                 1                 0                  2
     9:15                   1                                 4                                 1                 1                  7
     9:30                   0                                 0                                 0                 0                  0
     9:45                   0                                 2                                 0                 0                  2
   10:00                    0                                 0                                 0                 1                  1
   10:15                    1                                 2                                 3                 0                  6
   10:30                    0                                 1                                 0                 0                  1
   10:45                    2                                 0                                 0                 1                  3
   11:00                    2                                 0                                 0                 0                  2
   11:15                    0                                 2                                 1                 0                  3
   11:30                    0                                 1                                 1                 0                  2
   11:45                    0                                 2                                 0                 0                  2
   12:00                    4                                 2                                 1                 0                  7
Total AM                    17                                33                                17                5                 72

   12:15                    1                                 0                                 0                 0                  1
   12:30                    1                                 0                                 0                 0                  1
   12:45                    1                                 0                                 0                 0                  1
   13:00                    1                                 1                                 0                 0                  2
   13:15                    0                                 0                                 0                 0                  0
   13:30                    0                                 0                                 0                 0                  0
   13:45                    0                                 0                                 0                 0                  0
   14:00                    0                                 1                                 0                 1                  2
   14:15                    0                                 1                                 0                 0                  1
   14:30                    0                                 1                                 1                 0                  2
   14:45                    1                                 1                                 0                 0                  2
   15:00                    1                                 1                                 0                 0                  2
   15:15                    1                                 2                                 0                 0                  3
   15:30                    0                                 3                                 1                 0                  4
   15:45                    1                                 0                                 0                 0                  1
   16:00                    1                                 1                                 1                 0                  3
   16:15                    1                                 1                                 0                 0                  2
   16:30                    2                                 0                                 0                 0                  2
   16:45                    1                                 1                                 0                 0                  2
   17:00                    0                                 0                                 0                 1                  1
   17:15                    4                                 1                                 0                 0                  5
   17:30                    0                                 6                                 0                 0                  6
   17:45                    3                                 1                                 0                 0                  4
   18:00                    2                                 2                                 0                 0                  4
   18:15                    1                                 4                                 2                 0                  7
   18:30                    2                                 5                                 1                 0                  8
   18:45                    1                                 2                                 2                 0                  5
   19:00                    0                                 0                                 0                 0                  0
Total PM                    26                                35                                8                 2                 71
Type of peak hour being reported: Intersection Peak                                             Method for determining peak hour: Total Entering Volume
 LOCATION: N Capitol St -- Florida Ave                                                                                        QC JOB #: 10862928
 CITY/STATE: Washington, DC                                                                                                   DATE: Wed, Jan 30 2013
                    1036          1325                          Peak-Hour: 7:00 PM -- 8:00 PM                                  1.9        2.2

                         2 1025 9
                                                               Peak 15-Min: 7:15 PM -- 7:30 PM
                                                                                                                               0.0 1.9 11.1


       491   12                          175   648
                                                                                                                  2.6   0.0                      1.7       2.3
             427           0.93          467
                                                                                                                        3.3                      2.6
       525   86                            6   448
                                                                                                                  3.6   5.8                      0.0       3.6

                     22 1137 13
                                                                                                                               4.5 2.3 7.7

                    1117          1172
                                                                                                                               2.1        2.4



                            44                                                                                                  0    1    0



                                                                                                                        2                          3

             55                           23                                                                            6                          6

                                                                                                                        0                          0

                            43                                                                                                  0    6    1




                           NA                                                                                                        NA




             NA                          NA                                                                             NA                       NA




                           NA                                                                                                        NA



 15-Min Count               N Capitol St                     N Capitol St               Florida Ave                 Florida Ave                 Total       Hourly
    Period                 (Northbound)                     (Southbound)               (Eastbound)                 (Westbound)                              Totals
 Beginning At     Left      Thru Right         U     Left    Thru Right     U   Left   Thru Right     U    Left    Thru Right        U
    7:00 PM        3       308       3         0      0      266      0     0    1      99      20    0     2      128      51       0          881
    7:15 PM        5       320       2         0      1      221      2     0    4     138      21    0     1      142      48       0          905
    7:30 PM        7       270       3         0      4      260      0     0    1      87      25    0     2       89      48       0          796
    7:45 PM        7       239       5         0      3      278      0     1    6     103      20    0     1      108      28       0          799             3381




 Peak 15-Min               Northbound                           Southbound                 Eastbound                   Westbound
   Flowrates      Left Thru Right     U              Left   Thru Right    U     Left   Thru Right    U     Left    Thru Right    U                      Total
  All Vehicles     20 1280      8     0               4     884      8     0     16    552    84     0      4      568   192     0                      3620
 Heavy Trucks       0   20      0                     0      32      0            0     20      8           0        4     0                              84
  Pedestrians           32                                   48                         32                          48                                   160
    Bicycles        0    0      1                     0       1      0           0       2      0           0        2     1                               7
   Railroad
Stopped Buses
 Comments: 3037
Report generated on 3/27/2013 8:54 AM                                       SOURCE: Quality Counts, LLC (http://www.qualitycounts.net) 1-877-580-2212
Type of peak hour being reported: Intersection Peak                                             Method for determining peak hour: Total Entering Volume
 LOCATION: N Capitol St -- Florida Ave                                                                                        QC JOB #: 10862929
 CITY/STATE: Washington, DC                                                                                                   DATE: Sat, Feb 02 2013
                    1287          1573                          Peak-Hour: 3:00 PM -- 4:00 PM                                  1.0        1.7

                         0 1283 4
                                                               Peak 15-Min: 3:00 PM -- 3:15 PM
                                                                                                                               0.0 1.0 0.0


       698   16                          246   953
                                                                                                                  2.0   0.0                       2.8      2.2
             630           0.98          697
                                                                                                                        1.4                       2.0
       783   137                          10   640
                                                                                                                  2.0   5.1                       0.0      1.4

                         1 1311 6
                                                                                                                               0.0 1.5 0.0

                    1430          1318
                                                                                                                               1.4        1.5



                            24                                                                                                  0    0    0



                                                                                                                        0                          1

             64                           14                                                                            2                          0

                                                                                                                        0                          0

                            62                                                                                                  0    0    0




                           NA                                                                                                        NA




             NA                          NA                                                                             NA                        NA




                           NA                                                                                                        NA



 15-Min Count               N Capitol St                     N Capitol St               Florida Ave                 Florida Ave                 Total       Hourly
    Period                 (Northbound)                     (Southbound)               (Eastbound)                 (Westbound)                              Totals
 Beginning At     Left      Thru Right         U     Left    Thru Right     U   Left   Thru Right     U    Left    Thru Right        U
    1:00 PM        0       294       3         0      0      281      0     0    4     141      25    0     4      184      69       0          1005
    1:15 PM        1       311       5         1      0      292      1     0    8     146      30    0     3      193      55       0          1046
    1:30 PM        0       295       7         0      1      295      0     0    4     139      31    0     1      186      74       0          1033
    1:45 PM        1       279       3         0      1      257      2     0    4     172      38    0     5      135      66       0           963            4047
    2:00 PM        0       320       2         0      0      280      1     0    2     147      29    0     2      163      83       0          1029            4071
    2:15 PM        0       313       1         0      2      288      0     0    9     149      34    0     4      165      69       0          1034            4059
    2:30 PM        1       307       3         0      0      302      0     0    4     128      32    0     6      185      69       0          1037            4063
    2:45 PM        1       342       6         1      0      289      1     0    2     140      35    0     5      183      58       0          1063            4163
    3:00 PM        0       333       2         0      1      329      0     0    1     161      33    0     4      186      58       0          1108            4242
    3:15 PM        0       353       1         0      1      300      0     0    3     157      32    0     2      171      61       0          1081            4289
    3:30 PM        0       301       2         0      0      326      0     0    3     167      28    0     3      171      61       0          1062            4314
    3:45 PM        1       324       1         0      2      328      0     0    9     145      44    0     1      169      66       0          1090            4341
    4:00 PM        1       322       2         1      0      298      0     0    1     152      43    0     1      168      84       0          1073            4306
    4:15 PM        1       309       3         0      0      303      0     0    3     142      23    0     5      160      59       0          1008            4233
    4:30 PM        0       317       2         0      0      274      0     0    7     137      29    0     3      182      51       0          1002            4173
    4:45 PM        0       314       4         0      0      314      0     0    2     121      30    0     2      165      54       1          1007            4090
    5:00 PM        0       326       3         0      0      284      1     0    4     120      31    0     3      169      49       0           990            4007
    5:15 PM        0       295       4         0      1      253      1     0    5     127      27    1     1      133      65       0           913            3912
    5:30 PM        0       297       3         0      0      264      0     0    1     128      27    0     3      134      57       0           914            3824
    5:45 PM        0       268       4         0      1      282      0     0    1     126      23    0     0      128      43       0           876            3693




 Peak 15-Min               Northbound                         Southbound                   Eastbound                   Westbound
   Flowrates      Left Thru Right     U              Left Thru Right    U       Left   Thru Right    U     Left    Thru Right    U                      Total
  All Vehicles     0 1332       8     0               4 1316       0     0       4     644   132     0      16     744   232     0                      4432
 Heavy Trucks      0    20      0                     0    20      0             0      12    12             0      24    12                             100
  Pedestrians           40                                 16                           40                          12                                   108
    Bicycles       0     0      0                     0     0      0             0       0      0           0        0     0                              0
   Railroad
Stopped Buses
 Comments: 3037
Report generated on 3/27/2013 8:54 AM                                       SOURCE: Quality Counts, LLC (http://www.qualitycounts.net) 1-877-580-2212
