                                                                        WASA CLEAN RIVERS PROJECT
                                                                    BLOOMINGDALE AREA DATA COLLECTION
Location :           R Street @ North Capitol Street NW/NE                                                                                      City/Area:      Wahsington D.C.
Date Surveyed:       2/6/2013                                                                                                                   Weather:        Cloudy
Intersection No.:    5                                                                                                                          Technicians:    MCV
                                                                                   Total Traffic Volumes

                                                                                                                                                                                   Int.
End Time
                              North Capitol St                         North Capitol St                          R Street                             R Street                    Total
                                From North                               From South                             From East                                From West
              Left         Thru      Right U-Turn   Total    Left   Thru    Right U-Turn    Total   Left   Thru   Right U-Turn   Total   Left    Thru  Right U-Turn      Total
       6:15    0            261        1       0     262      0      192      0         0    192     1      0       0     0       1       0       0      0      0         0        455
       6:30    0            412        1       0     413      1      327      7         0    335     7      3       4     0       14      3       1      1      0         5        767
       6:45    4            352        1       0     357      1      310      3         0    314     5      4       3     0       12      3       2      1      0         6        689
       7:00    1            445        1       0     447      0      346      0         0    346     12      5      9     0       26       1       5     1      0          7       826
       7:15    0            484        1       0     485      4      331      2         0    337     6      11      9     0       26       4       3     0      0          7       855
       7:30    2            508        3       0     513      1      360      0         1    362     8      12      3     0       23       4       5     2      0         11       909
       7:45    0            579        7       0     586      6      351      3         0    360     11     17      6     0       34      10      13     1      0         24      1004
       8:00    0            597        4       0     601      1      242      0         0    243     24     26     12     0       62       0       6     2      0          8       914
       8:15    1            551        5       0     557      3      214      2         0    219     21     27      4     0       52       6      12     3      0         21       849
       8:30    2            524        4       0     530      4      246      0         0    250     18     28     15     1       62       8      17     0      0         25       867
       8:45    0            537        2       0     539      2      238      3         0    243     19     31     19     1       70       4       7     2      0         13       865
       9:00    0            462        2       0     464      4      286      0         0    290     19     28      7     0       54       0      11     0      0         11       819
       9:15    0            422        4       1     427      5      258      0         1    264     10     11      6     0       27       4      10     1      0         15       733
       9:30    3            372        5       0     380      1      244      0         0    245     8      12      6     0       26       2      17     0      0         19       670
       9:45    1            348        2       0     351      1      241      1         0    243     3      16      3     0       22       3       7     0      0         10       626
      10:00    2            387        1       0     390      4      216      0         0    220     7      10      6     0       23       1       9     2      0         12       645
      10:15    4            349       47       0     400      2      204      2         0    208     8      16      4     0       28       2       5     1      0          8       644
      10:30    9            349        4       0     362      4      213      1         1    219     10     11      8     0       29       2       3     0      0          5       615
      10:45    3            273        1       0     277      1      235      2         0    238     3      7       2     0       12      1       4      0      0         5        532
      11:00    4            302        2       0     308      0      222      0         0    222     7      10     10     0       27       1       7     2      0         10       567
      11:15    1            379        6       0     386      3      223      1         0    227     6      9       5     0       20      3       9      2      0         14       647
      11:30    1            302        3       0     306      0      185      0         0    185     7      4       6     0       17      0       9      0      0         9        517
      11:45    2            325        3       0     330      4      258      2         2    266     4      6       2     0       12      4       8      4      0         16       624
      12:00    4            279        7       0     290      1      233      2         0    236     4      4       2     0       10      3       15     4      0         22       558
Total AM       44          9799     117      1      9961     53     6175    31       5      6264    228    308    151     2      689     69       185      29      0      283     17197
 AM Peak
                2          2168      15      0      2185     12     1284     5       1      1302     49     66     30     0      145     18       27       5       0      50      3682
  Hour

      12:15     4           289      2       1       296      4      246     2       1      253      7      8      4      0       19     5        8        4       0      17      585
      12:30     3           229      3       1       236      3      240     2       0      245      1      7      6      0       14     2        7        2       0      11      506
      12:45     5           259      2       0       266      2      219     2       0      223      7      13     12     0       32      3        4       2       0       9      530
      13:00     2           295      0       0       297      3      258     3       0      264      0      20      5     0       25      4       13       1       0      18      604
      13:15     1           252      0       0       253      3      322     2       0      327      10     11      5     0       26      2       11       4       0      17      623
      13:30     2           272      4       0       278      8      264     2       0      274      5      14     11     0       30      2       11       2       0      15      597
      13:45     2           268      3       0       273      2      202     2       0      206      4      19      3     0       26      3        9       3       0      15      520
      14:00     5           326      1       0       332      0      213     1       0      214      6      15      9     0       30      2        3       0       0       5      581
      14:15     3           312      5       0       320      1      180     0       0      181      4      6      3      0       13     2        0        5       0      7       521
      14:30     3           302      6       0       311      0      268     2       1      271      3      8      14     0       25      4        6       5       0      15      622
      14:45     7           305      2       1       315      2      295     2       0      299      3      5      4      0       12     9        12       3       0      24      650
      15:00     2           335      3       0       340      1      272     0       0      273      2      6      6      0       14     5        13       2       0      20      647
      15:15     0           281      3       0       284      3      274     0       0      277      6      9      11     0       26      3        5       2       0      10      597
      15:30     1           262      3       0       266      5      318     2       0      325      5      9      15     0       29      6       19       2       0      27      647
      15:45     0           294      2       0       296      2      364     1       0      367      4      8      4      0       16     5        15       0       0      20      699
      16:00     1           338      0       0       339      1      360     2       0      363      2      10      7     0       19      7       26       1       0      34      755
      16:15     1           277      1       0       279      1      386     0       0      387      3      19      8     0       30      3        9       0       0      12      708
      16:30     1           374      3       0       378      1      452     1       0      454      6      15      9     0       30     13       17       2       0      32      894
      16:45     3           365      2       0       370      2      444     3       0      449      4      6      8      0       18     4        14       0       0      18      855
      17:00     3           349      1       0       353      2      462     2       0      466      7      13      7     0       27      4       15       0       0      19      865
      17:15     1           298      1       0       300      0      435     1       0      436      4      6      5      0       15     8        10       0       0      18      769
      17:30     2           327      0       1       330      1      459     2       0      462      1      24      8     0       33      7       21       3       0      31      856
      17:45     1           310      3       0       314      2      445     2       0      449      3      7      8      0       18     8        9        1       0      18      799
      18:00     3           302      1       0       306      0      525     3       0      528      6      9      9      0       24     9        20       0       0      29      887
      18:15     2           305      3       0       310      1      498     0       0      499      4      24     13     0       41      2       22       1       0      25      875
      18:30     2           337      1       0       340      3      474     1       0      478      4      21     13     0       38      7       10       2       0      19      875
      18:45     3           334      1       0       338      2      439     0       0      441      2      10      6     0       18      4        7       0       0      11      808
      19:00     0           315      1       0       316      3      434     2       0      439      5      24      7     0       36      1        7       0       0       8      799
Total PM       63          8512      57      4      8636     58     9748    42       2      9850    118    346    220     0      684     134      323      47      0      504     19674
 PM Peak
               10          1278      6       0      1294      6     1936     4       0      1946     16     64     41     0      121     22       59       3       0      84      3445
  Hour

 13-Hour
              107          18311    174      5      18597    111    15923   73       7      16114   346    654    371     2      1373    203      508      76      0      787     36871
  Total




       JMT
       72 Loveton Circle
       Sparks MD 21052
                                                            WASA CLEAN RIVERS PROJECT
                                                        BLOOMINGDALE AREA DATA COLLECTION

Location :                  R Street @ North Capitol Street NW/NE                                                     City/Area:     Wahsington D.C.
Date Surveyed:             2/6/2013                                                                                   Weather:       Cloudy
Intersection No.:          5                                                                                          Technicians:   MCV

                                                                    Pedestrian Volumes

End Time            North Capitol St                 North Capitol St                   R Street                   R Street           Total
                  Across North Leg                 Across South Leg                 Across East Leg                Across West Leg
               Children         Adults          Children         Adults         Children         Adults   Children          Adults
     6:15          0                0               0                0              0              0         0                 0        0
     6:30          0                0               0                0              0              0         0                 0        0
     6:45          0                4               0                0              0              0         0                 8       12
     7:00          0                0               0                2              0              3         0                 3        8
     7:15          0                3               0                2              0              1         0                 2        8
     7:30          0                2               0                0              0              4         0                 2        8
     7:45          0                2               0                1              0              2         0                 7       12
     8:00          0                1               0                0              0              1         0                 3        5
     8:15          0                4               0                1              0              0         0                 8       13
     8:30          0                0               0                2              0              1         0                 6        9
     8:45          0                1               0                0              0              1         0                 5        7
     9:00          0                0               0                1              0              0         0                 2        3
     9:15          0                3               0                0              0              2         0                 3        8
     9:30          0                1               0                2              0              0         0                 2        5
     9:45          0                2               0                1              0              0         0                 4        7
   10:00           0                3               0                1              0              2         0                 2        8
   10:15           0                2               0                0              0              0         0                 0        2
   10:30           0                0               0                0              0              0         0                 1        1
   10:45           0                0               0                1              0              0         0                 2        3
   11:00           0                0               0                1              0              0         0                 0        1
   11:15           0                0               0                1              0              4         0                 2        7
   11:30           0                2               0               10              0              3         0                 5       20
   11:45           0                0               0                6              0              2         0                 3       11
   12:00           0                1               0                3              0              9         0                 0       13
Total AM           0               31               0               35              0             35         0                70       171

   12:15            0              6                0                0             0               2         0                1         9
   12:30            0              4                0                1             0               0         0                2         7
   12:45            0              0                0                2             0               2         0                2         6
   13:00            0              2                0                2             0               0         0                0         4
   13:15            0              2                0                2             0               1         0                7        12
   13:30            0              1                0                2             0               4         0                8        15
   13:45            0              0                0                0             0               0         0               12        12
   14:00            0              1                0                1             0               3         0                1         6
   14:15            0              0                0                0             0               0         0                4         4
   14:30            0              3                0                0             0               2         0                2         7
   14:45            0              1                0                2             0               1         0                9        13
   15:00            0              1                0                0             0               0         0                0         1
   15:15            0              0                0                2             0               0         0                2         4
   15:30            0              0                0                0             0               1         0                6         7
   15:45            0              2                0                2             0               0         0                2         6
   16:00            0              6                0                0             0               0         0                0         6
   16:15            0              1                0                0             0               0         0                5         6
   16:30            0              4                0                0             0               2         0                4        10
   16:45            0              3                0                1             0               2         0               10        16
   17:00            0              1                0                3             0               1         0               10        15
   17:15            0              7                0                0             0               1         0                6        14
   17:30            0              4                0                1             0               2         0                2         9
   17:45            0              5                0                1             0               0         0                7        13
   18:00            0              7                0                3             0               3         0                1        14
   18:15            0              2                0                0             0               6         0                4        12
   18:30            0              4                0                3             0               3         0                2        12
   18:45            0              5                0                1             0               4         0                2        12
   19:00            0              4                0                2             0               2         0                0         8
Total PM            0             76                0               31             0              42         0               111       260
                                                                      `
                                                      BLOOMINGDALE AREA DATA COLLECTION

Location :                   R Street @ North Capitol Street NW/NE                                         City/Area:     Wahsington D.C.
Date Surveyed:              2/6/2013                                                                       Weather:       Cloudy
Intersection No.:           5                                                                              Technicians:   MCV

                                                                     Bikes Volumes

End Time             North Capitol St                North Capitol St                    R Street      R Street            Total
                    Across North Leg                Across South Leg                 Across East Leg   Across West Leg

     6:15                  0                                0                              0             0                   0
     6:30                  0                                0                              2             0                   2
     6:45                  0                                0                              0             0                   0
     7:00                  0                                0                              3             0                   3
     7:15                  0                                0                              2             1                   3
     7:30                  0                                1                              0             0                   1
     7:45                  0                                0                              2             0                   2
     8:00                  0                                0                              4             0                   4
     8:15                  0                                0                              4             1                   5
     8:30                  0                                0                              4             0                   4
     8:45                  1                                1                              4             1                   7
     9:00                  0                                0                              1             0                   1
     9:15                  1                                0                              4             0                   5
     9:30                  0                                0                              4             0                   4
     9:45                  2                                0                              2             2                   6
   10:00                   0                                0                              2             0                   2
   10:15                   0                                0                              2             2                   4
   10:30                   4                                0                              2             0                   6
   10:45                   1                                4                              1             7                  13
   11:00                   0                                0                              0             0                   0
   11:15                   0                                2                              2             2                   6
   11:30                   0                                2                              0             1                   3
   11:45                   0                                0                              0             0                   0
   12:00                   0                                0                              0             0                   0
Total AM                   9                                10                             45            17                 81

   12:15                   0                                1                              0             0                   1
   12:30                   1                                0                              0             0                   1
   12:45                   2                                0                              1             0                   3
   13:00                   0                                0                              0             0                   0
   13:15                   0                                0                              0             0                   0
   13:30                   0                                0                              0             0                   0
   13:45                   0                                0                              0             0                   0
   14:00                   0                                1                              1             0                   2
   14:15                   0                                0                              0             0                   0
   14:30                   0                                0                              0             0                   0
   14:45                   0                                0                              0             0                   0
   15:00                   0                                1                              0             0                   1
   15:15                   0                                0                              0             0                   0
   15:30                   0                                0                              0             0                   0
   15:45                   0                                0                              0             0                   0
   16:00                   0                                4                              0             0                   4
   16:15                   0                                3                              0             0                   3
   16:30                   3                                2                              2             0                   7
   16:45                   0                                0                              0             0                   0
   17:00                   0                                0                              0             2                   2
   17:15                   3                                0                              0             2                   5
   17:30                   0                                1                              0             2                   3
   17:45                   0                                0                              0             3                   3
   18:00                   0                                2                              0             2                   4
   18:15                   0                                2                              0             0                   2
   18:30                   1                                2                              0             0                   3
   18:45                   0                                2                              1             2                   5
   19:00                   4                                0                              0             0                   4
Total PM                   14                               21                             5             13                 53
Type of peak hour being reported: Intersection Peak                                           Method for determining peak hour: Total Entering Volume
 LOCATION: N Capitol St -- R St                                                                                             QC JOB #: 10862947
 CITY/STATE: Washington, DC                                                                                                 DATE: Sat, Feb 02 2013
                    1241          1319                         Peak-Hour: 3:00 PM -- 4:00 PM                                 1.0        1.7

                     10 1219 12
                                                              Peak 15-Min: 3:15 PM -- 3:30 PM
                                                                                                                             0.0 1.0 0.0


       69    16                          43   104
                                                                                                                0.0   0.0                      2.3       2.9
             24            0.97          43
                                                                                                                      0.0                      0.0
       48    8                           18    47
                                                                                                                0.0   0.0                     11.1       0.0

                     16 1259 12
                                                                                                                             0.0 1.7 0.0

                    1245          1287
                                                                                                                             1.1        1.6



                            11                                                                                                0    0    0



                                                                                                                      0                          0

             29                          38                                                                           2                          7

                                                                                                                      0                          0

                            11                                                                                                0    0    0




                           NA                                                                                                      NA




             NA                          NA                                                                           NA                       NA




                           NA                                                                                                      NA



 15-Min Count               N Capitol St                    N Capitol St                  R St                       R St                     Total       Hourly
    Period                 (Northbound)                    (Southbound)               (Eastbound)                (Westbound)                              Totals
 Beginning At     Left      Thru Right        U     Left    Thru Right     U   Left   Thru Right    U    Left    Thru Right        U
    3:00 PM        8       301       2        0      3      314      2     0    3       4      3    0     4       10      12       0          666
    3:15 PM        3       338       3        0      4      296      4     1    6       6      1    0     8       13       8       0          691
    3:30 PM        1       294       4        0      3      291      3     0    3      10      2    0     4        7      11       0          633
    3:45 PM        4       326       3        0      1      318      1     0    4       4      2    0     2       13      12       0          690             2680
    4:00 PM        3       319       1        0      6      271      9     0    2       8      2    0     5       14       5       0          645             2659
    4:15 PM        4       305       0        0      1      276      2     0    4       9      1    0     6       10      10       0          628             2596
    4:30 PM        3       315       2        1      1      266      1     0    0       5      1    0     1       11       6       0          613             2576
    4:45 PM        3       275       1        0      5      288      2     0    3       7      1    0     5        7       3       0          600             2486




 Peak 15-Min               Northbound                        Southbound                   Eastbound                  Westbound
   Flowrates      Left Thru Right     U             Left Thru Right    U       Left   Thru Right    U    Left    Thru Right    U                      Total
  All Vehicles     12 1352     12     0              16 1184     16     4       24     24      4    0     32      52    32     0                      2764
 Heavy Trucks       0   12      0                     0    4      0              0      0      0           4       0     0                              20
  Pedestrians            4                                20                           56                         28                                   108
    Bicycles        0    0      0                     0    0      0             0       1      0          0        2     0                               3
   Railroad
Stopped Buses
 Comments: 3041
Report generated on 3/27/2013 8:54 AM                                      SOURCE: Quality Counts, LLC (http://www.qualitycounts.net) 1-877-580-2212
