                                                                       WASA CLEAN RIVERS PROJECT
                                                                   BLOOMINGDALE AREA DATA COLLECTION
Location :           4th St NE at Franklin St NE                                                                                                City/Area:      Wahsington D.C.
Date Surveyed:       1/31/2013                                                                                                                  Weather:        25/Sunny
Intersection No.:                                                                                                                               Technicians:    RJM
                                                                                 Total Traffic Volumes

                                                                                                                                                                                   Int.
End Time
                               4th Street NE                           4th Street NE                        Franklin Street NE                      Franklin Street NE            Total
                                From North                              From South                              From East                                   From West
              Left         Thru      Right U-Turn   Total   Left   Thru    Right U-Turn   Total   Left   Thru     Right U-Turn   Total   Left    Thru     Right U-Turn   Total
       6:15     8           19         1     0        28      5      7       0       0     12       0      74       12       0     86     0        18        3       0     21     147
       6:30    11           18         5     0        34      3     17       0       0     20       2      92       16       0    110     0        29        2       0     31     195
       6:45    12           26         5     0        43      6     18       1       0     25       0     142       19       0    161     1        31        1       0     33     262
       7:00    13           22         0     0        35      6     27       2       0     35       2     161       23       0    186     2        41        8       0     51     307
       7:15    17           20         3     0        40      6     28       2       0     36       4     143       41       0    188     0        58        9       0     67     331
       7:30    12           25         0     0        37      9     41       3       0     53       3     163       35       0    201     0        53        8       0     61     352
       7:45    19           61         1     0        81     17     46       3       0     66       6     166       37       0    209     1       102       18       0    121     477
       8:00    24           60         1     0        85     21     56       3       0     80      15     175       44       0    234     0        80       14       0     94     493
       8:15    23           61         1     0        85     25     57       2       0     84       4     191       55       0    250     1        86       11       0     98     517
       8:30    29           66         1     0        96     12     48       2       0     62       5     186       49       0    240     2        77        9       0     88     486
       8:45    30           73         0     0       103     10     47       4       0     61       9     165       35       0    209     0        70        9       0     79     452
       9:00    30           79         1     0       110     7      52       3       0     62       8     190       37       0    235     1        59       10       0     70     477
       9:15    14           64         1     0        79     13     48       2       0     63       3     164       27       0    194     0        76       11       0     87     423
       9:30    19           45         1     0        65      9     40       2       0     51       2     133       20       0    155     1        45       10       0     56     327
       9:45    17           37         1     0        55      7     32       1       0     40       3      99       13       0    115     1        48        9       0     58     268
      10:00    15           47         1     0        63      9     38       2       0     49       4     117       25       0    146     1        50       12       0     63     321
      10:15    29           36         0     0        65      6     33       3       0     42       4      89       27       0    120     0        63       11       0     74     301
      10:30    13           23         0     0        36      9     32       2       0     43       8      90       19       0    117     1        89       10       0    100     296
      10:45    14           33         0     0        47     12     37       1       0     50       2      93       21       0    116     1        77       10       0     88     301
      11:00    28           27         1     0        56     12     33       0       0     45       2      92       17       0    111     1        55       14       0     70     282
      11:15    18           37         1     0        56      8     35       2       0     45       4      63       17       0     84     0        27        2       0     29     214
      11:30    17           39         0     0        56      6     33       2       0     41       6      81       12       0     99     0        63        7       0     70     266
      11:45    18           32         0     0        50     11     38       4       0     53       6      97       18       0    121     1        67       14       0     82     306
      12:00    20           32         0     0        52     12     31       0       0     43       2      57       18       0     77     0        78       11       0     89     261
Total AM      450          982       25        0    1457    241     874    46      0      1161    104    3023    637      0      3764    15      1442     223      0     1680     8062
 AM Peak
               95          248        4        0    347     75      207    10      0      292      30    718     185      0      933      4       345      52      0      401     1973
  Hour

      12:15    23           44        1        0     68     11      32      2      1      46       2      52     19       0       73      0        71      11      0       82     269
      12:30    14           31        0        0     45     18      38      4      0      60       5      74     20       0       99      0        69      12      0       81     285
      12:45    22           36        1        0     59     11      25      1      0      37       2      69     22       0       93      2        76      12      0       90     279
      13:00    23           54        0        0     77      9      40      2      0      51       0      89     30       0      119      1        67      16      0       84     331
      13:15    24           46        2        0     72     17      52      0      0      69       2      93     26       0      121      2        80      12      0       94     356
      13:30    13           34        1        0     48      7      30      6      0      43       3      71     18       0       92      0        97      17      0      114     297
      13:45    22           35        0        0     57      7      45      3      0      55       2      87     17       0      106      2        76      11      0       89     307
      14:00    30           41        1        0     72     14      48      4      0      66       2      82     27       0      111      2        84      12      0       98     347
      14:15    33           35        1        0     69      8      46      2      0      56       3      91     24       0      118      2       117      19      0      138     381
      14:30    35           36        2        0     73     12      43      2      0      57       2     108     22       0      132      0        98      10      0      108     370
      14:45    23           36        1        0     60     12      56      1      0      69       1      90     25       0      116      0       108      12      0      120     365
      15:00    17           48        2        0     67     15      44      5      0      64       1     126     32       0      159      0       133      7       0      140     430
      15:15    17           29        0        0     46     15      57      4      0      76       5     114     39       0      158      0       119      15      0      134     414
      15:30    31           32        2        0     65     21      59      0      0      80       4      88     25       0      117      1       138      19      0      158     420
      15:45    26           46        1        0     73     12      63      2      0      77       3      83     29       0      115      1       135      14      0      150     415
      16:00    23           46        1        0     70     15      52      1      0      68       2      81     32       0      115      2       121      19      0      142     395
      16:15    20           49        2        0     71      2       44     0      0       46      1      63     20       0       84      2       106      21      0      129     330
      16:30    23           64        2        0     89      3       40     1      0       44      0      44     26       0       70      2       111      27      0      140     343
      16:45    25           54        1        0     80      4       53     5      0       62      1      61     33       0       95      2       128      19      0      149     386
      17:00    18           44        2        0     64     12      64      7      0       83      2      82     31       0      115      1       126      13      0      140     402
      17:15    29           58        1        0     88     10      76      4      0       90      4      76     23       0      103      0       118      16      0      134     415
      17:30    30           43        2        0     75     17      93      4      0      114      2      93     23       0      118      1       131      18      0      150     457
      17:45    24           41        1        0     66     12      99      2      0      113      4      77     27       0      108      2       134       9      0      145     432
      18:00    32           42        0        0     74     11      108     3      0      122      1      78     32       0      111      1       135      11      0      147     454
      18:15    26           43        1        0     70     14      75      3      0       92      8      94     23       0      125      1       126       7      0        1     288
      18:30    25           46        1        0     72      7       65     5      0       77      3      81     26       0      110      2       115       9      0      126     385
      18:45    25           30        2        0     57     12      46      2      0       60      6      96     24       0      126      2        97       9      0      108     351
      19:00    15           40        1        0     56     14      48      3      0       65      7     110     25       0      142      1        78       9      0       88     351
Total PM      668          1183      32        0    1883    322    1541    78      1      1942     78    2353    720      0      3151    32      2994     386      0     3279     10255
 PM Peak
              115          184        4        0    303     50      376    13      0      439      11    324     105      0      440      4       518      54      0      576     1758
  Hour

 13-Hour
              1118         2165      57        0    3340    563    2415    124     1      3103    182    5376   1357      0      6915    47      4436     609      0     4959     18317
  Total




       JMT
       72 Loveton Circle
       Sparks MD 21052
                                                                 WASA CLEAN RIVERS PROJECT
                                                             BLOOMINGDALE AREA DATA COLLECTION

Location :                 4th St NE at Franklin St NE                                                                 City/Area:      Wahsington D.C.
Date Surveyed:             1/31/2013                                                                                   Weather:        25/Sunny
Intersection No.:                                                                                                      Technicians:    RJM

                                                                    Pedestrian Volumes

End Time             4th Street NE                     4th Street NE               Franklin Street NE         Franklin Street NE        Total
                  Across North Leg                  Across South Leg                Across East Leg                Across West Leg
               Children          Adults          Children          Adults       Children         Adults   Children            Adults
     6:15          0               0                 0                1             0                1       0                  0         2
     6:30          0               0                 0                1             0                0       0                  0         1
     6:45          0               0                 0                0             0                0       0                  0         0
     7:00          0               0                 0                1             0                0       0                  0         1
     7:15          0               1                 0                2             0                0       0                  0         3
     7:30          0               0                 0                2             0                0       0                  0         2
     7:45          0               0                 0                4             0                1       0                  0         5
     8:00          0               0                 0                5             0                3       0                  0         8
     8:15          0               0                 0                6             0                1       0                  1         8
     8:30          0               0                 0                4             0                1       0                  0         5
     8:45          0               0                 0                3             0                1       0                  0         4
     9:00          0               0                 0                7             0                6       0                  1        14
     9:15          0               0                 0                1             0                2       0                  0         3
     9:30          0               0                 0                3             0                2       0                  1         6
     9:45          0               0                 0                3             0                2       0                  0         5
   10:00           0               0                 0                1             0                1       0                  0         2
   10:15           0               0                 0                3             0                0       0                  0         3
   10:30           0               0                 0                5             0                1       0                  0         6
   10:45           0               0                 0                2             0                1       0                  0         3
   11:00           0               0                 0                2             0                0       0                  1         3
   11:15           0               0                 0                6             0                1       0                  0         7
   11:30           0               0                 0                1             0                0       0                  0         1
   11:45           0               0                 0                2             0                3       0                  0         5
   12:00           0               0                 0                1             0                2       0                  0         3
Total AM           0               1                 0               66             0               29       0                  4        100

   12:15            0              0                     0           3             0               2         0                  0         5
   12:30            0              0                     0           0             0               0         0                  0         0
   12:45            0              0                     0           1             0               0         0                  0         1
   13:00            0              0                     0           2             0               1         0                  0         3
   13:15            0              0                     0           0             0               0         0                  0         0
   13:30            0              0                     0           0             0               0         0                  0         0
   13:45            0              3                     0           0             0               0         0                  2         5
   14:00            0              0                     0           0             0               0         0                  0         0
   14:15            0              1                     0           0             0               0         0                  2         3
   14:30            0              0                     0           0             0               0         0                  0         0
   14:45            0              0                     0           0             0               1         0                  0         1
   15:00            0              0                     0           0             0               0         0                  0         0
   15:15            0              0                     0           0             0               0         0                  1         1
   15:30            0              0                     0           0             0               0         0                  2         2
   15:45            0              2                     0           1             0               1         0                  0         4
   16:00            0              0                     0           0             0               1         0                  1         2
   16:15            0              1                     0           0             0               0         0                  1         2
   16:30            0              1                     0           0             0               0         0                  2         3
   16:45            0              2                     0           0             0               0         0                  2         4
   17:00            0              3                     0           0             0               0         0                  2         5
   17:15            0              2                     0           0             0               0         0                  1         3
   17:30            0              1                     0           0             0               0         0                  1         2
   17:45            0              3                     0           0             0               1         0                  3         7
   18:00            0              2                     0           0             0               1         0                  1         4
   18:15            0              0                     0           1             0               1         0                  2         4
   18:30            0              1                     0           0             0               1         0                  4         6
   18:45            0              1                     0           0             0               3         0                  0         4
   19:00            0              1                     0           0             0               0         0                  0         1
Total PM            0             24                     0           8             0              13         0                 27        72
                                                              WASA CLEAN RIVERS PROJECT
                                                          BLOOMINGDALE AREA DATA COLLECTION

Location :                  4th St NE at Franklin St NE                                                      City/Area:     Wahsington D.C.
Date Surveyed:              1/31/2013                                                                        Weather:       25/Sunny
Intersection No.:                                                                                            Technicians:   RJM

                                                                    Bikes Volumes

End Time              4th Street NE                    4th Street NE            Franklin Street NE   Franklin Street NE      Total
                    Across North Leg                 Across South Leg            Across East Leg         Across West Leg

     6:15                  0                                 0                          0                   0                  0
     6:30                  0                                 0                          0                   0                  0
     6:45                  0                                 0                          0                   0                  0
     7:00                  0                                 0                          0                   0                  0
     7:15                  0                                 0                          0                   0                  0
     7:30                  0                                 0                          0                   1                  1
     7:45                  0                                 0                          1                   0                  1
     8:00                  1                                 1                          1                   0                  3
     8:15                  0                                 0                          0                   0                  0
     8:30                  0                                 1                          1                   0                  2
     8:45                  2                                 2                          1                   1                  6
     9:00                  0                                 0                          0                   0                  0
     9:15                  0                                 2                          0                   2                  4
     9:30                  1                                 0                          0                   0                  1
     9:45                  0                                 0                          0                   2                  2
   10:00                   0                                 0                          0                   0                  0
   10:15                   0                                 0                          1                   0                  1
   10:30                   1                                 0                          0                   0                  1
   10:45                   0                                 0                          1                   0                  1
   11:00                   0                                 0                          0                   0                  0
   11:15                   0                                 0                          0                   0                  0
   11:30                   0                                 0                          0                   0                  0
   11:45                   0                                 0                          0                   0                  0
   12:00                   4                                 0                          0                   0                  4
Total AM                   9                                 6                          6                   6                 27

   12:15                   1                                 0                          0                   0                  1
   12:30                   0                                 0                          0                   0                  0
   12:45                   0                                 0                          2                   1                  3
   13:00                   0                                 0                          0                   0                  0
   13:15                   0                                 0                          0                   0                  0
   13:30                   0                                 0                          0                   0                  0
   13:45                   0                                 0                          0                   0                  0
   14:00                   0                                 0                          0                   0                  0
   14:15                   0                                 0                          0                   0                  0
   14:30                   0                                 1                          0                   0                  1
   14:45                   1                                 0                          0                   0                  1
   15:00                   0                                 0                          2                   0                  2
   15:15                   0                                 0                          0                   0                  0
   15:30                   0                                 1                          0                   0                  1
   15:45                   0                                 0                          0                   0                  0
   16:00                   0                                 0                          0                   0                  0
   16:15                   0                                 0                          0                   0                  0
   16:30                   0                                 0                          0                   1                  1
   16:45                   0                                 0                          0                   1                  1
   17:00                   1                                 0                          0                   0                  1
   17:15                   0                                 0                          0                   1                  1
   17:30                   0                                 0                          0                   0                  0
   17:45                   1                                 0                          0                   0                  1
   18:00                   0                                 0                          0                   0                  0
   18:15                   0                                 0                          0                   0                  0
   18:30                   1                                 2                          0                   0                  3
   18:45                   0                                 1                          0                   0                  1
   19:00                   0                                 0                          0                   0                  0
Total PM                   5                                 5                          4                   4                 18
Type of peak hour being reported: Intersection Peak                                             Method for determining peak hour: Total Entering Volume
 LOCATION: 4th St NE -- Franklin St                                                                                           QC JOB #: 10862959
 CITY/STATE: Washington, DC                                                                                                   DATE: Sat, Feb 02 2013
                    271             290                          Peak-Hour: 3:30 PM -- 4:30 PM                                 3.3        1.0

                         1   158 112
                                                                Peak 15-Min: 3:30 PM -- 3:45 PM
                                                                                                                               0.0 1.9 5.4


       361   2                             85   415
                                                                                                                  1.9   0.0                      1.2       1.7
             359             0.96         304
                                                                                                                        2.8                      2.0
       432   71                            26   483
                                                                                                                  2.5   1.4                      0.0       3.3

                       57 203 12
                                                                                                                               1.8 1.0 0.0

                    256             272
                                                                                                                               1.6        1.1



                              2                                                                                                 0    0    0



                                                                                                                        0                          0

             7                              6                                                                           0                          0

                                                                                                                        0                          0

                              17                                                                                                0    0    0




                             NA                                                                                                      NA




             NA                           NA                                                                            NA                       NA




                             NA                                                                                                      NA



 15-Min Count                  4th St NE                       4th St NE                Franklin St                 Franklin St                 Total       Hourly
    Period                   (Northbound)                    (Southbound)              (Eastbound)                 (Westbound)                              Totals
 Beginning At     Left        Thru Right        U     Left    Thru Right    U   Left   Thru Right     U    Left    Thru Right        U
    3:00 PM        15          45      2        0      22      42      1    0    0      73      10    0      2      74      32       0          318
    3:15 PM        13          56      1        0      16      42      2    0    0      83      12    0      0      86      18       0          329
    3:30 PM         9          57      0        0      30      47      0    0    1      99      15    0      7      80      18       0          363
    3:45 PM        15          43      4        1      22      41      1    0    0      93      21    0      4      80      21       0          346             1356
    4:00 PM        16          58      2        0      29      30      0    0    1      89      15    0      5      76      20       0          341             1379
    4:15 PM        16          45      6        0      31      40      0    0    0      78      20    0     10      68      26       0          340             1390
    4:30 PM        16          48      3        0      16      31      0    0    4      85      14    0      1      56      25       0          299             1326
    4:45 PM        14          38      6        0      14      37      0    0    0      74      11    0      7      52      18       0          271             1251




 Peak 15-Min                     Northbound                      Southbound                Eastbound                   Westbound
   Flowrates      Left       Thru Right     U         Left   Thru Right    U    Left   Thru Right    U     Left    Thru Right    U                      Total
  All Vehicles     36        228      0     0         120    188      0     0    4     396    60     0      28     320    72     0                      1452
 Heavy Trucks       0          4      0                12     12      0          0       8      0            0       4     0                             40
  Pedestrians                 32                               0                         8                          16                                   56
    Bicycles       0           0      0                 0      0      0          0       0      0           0        0     0                              0
   Railroad
Stopped Buses
 Comments: 3228
Report generated on 3/27/2013 8:54 AM                                       SOURCE: Quality Counts, LLC (http://www.qualitycounts.net) 1-877-580-2212
