                                                                                 WASA CLEAN RIVERS PROJECT
                                                                             BLOOMINGDALE AREA DATA COLLECTION
    Location :               Michigan Avenue, NE @ Harewood Road, NE                                                                                                    City/Area:        Washington, D.C.
    Date Surveyed:           January 31, 2013                                                                                                                           Weather:          Cold/Sunny/Dry
    Intersection No.:        10                                                                                                                                         Technicians:      MD/AL/GC


                                                                                                       Total Traffic Volumes
                                Harewood Road, NE                                 4th Street, NE                               Michigan Avenue, NE                        Michigan Avenue, NE
                                   From North                                      From South                                      From East                                  From West
                                                                                                                                                                                                              Int.
     End Time
                                                                                                                                                                                                             Total
                     Left      Thru      Right     U-Turn   Total   Left    Thru      Right   U-Turn      Total     Left       Thru    Right   U-Turn   Total    Left    Thru    Right    U-Turn    Total

         6:15         0          23        2           0      25     10      6          0          0        16      5           163     2        0       170      1        40      3         0        44      255
         6:30         1          23        5           0      29     12      11         0          0        23      3           220     6        0       229      0        69      9         0        78      359
         6:45         2          23        6           0      31     24      9          0          0        33      2           288     4        0       294      4        78      8         0        90      448
         7:00         3          27        10          0      40     21      19         0          0        40      2           314     4        0       320      1        90      7         0        98      498
         7:15         2          25        9           0      36     31      33         0          0        64      4           319     7        0       330      5       113      14        0       132      562
         7:30         4          38        8           0      50     33      27         0          0        60      3           358     8        0       369      3       108      6         0       117      596
         7:45         9          58        6           0      73     46      35         0          0        81      3           449     9        0       461      10      158      13        0       181      796
         8:00         12         75        19          0     106     44      45         0          0        89      3           491     14       0       508      10      175      14        0       199      902
         8:15         8          57        26          0      91     56      41         0          0        97      0           412     22       0       434      8       175      20        0       203      825
         8:30         9          60        20          0      89     42      46         0          0        88      0           494     17       0       511      16      137      13        0       166      854
         8:45         9          71        20          0     100     37      27         0          0        64      0           475     11       0       486      13      188      32        0       233      883
         9:00         13         68        30          0     111     36      23         0          0        59      0           447     16       0       463      14      196      21        0       231      864
         9:15         14         56        22          0      92     22      36         0          0        58      0           271     14       0       285      18      185      21        0       224      659
         9:30         6          43        18          0      67     32      28         0          0        60      3           288     20       0       311      11      135      17        0       163      601
         9:45         8          39        12          0      59     28      19         0          0        47      0           265     15       0       280      16      144      19        0       179      565
        10:00         7          38        7           0      52     31      31         0          0        62      2           258     5        0       265      14      143      19        0       176      555
        10:15         7          35        12          0      54     22      29         0          0        51      1           184     6        0       191      15      131      22        0       168      464
        10:30         7          28        17          0      52     18      18         2          0        38      0           158     5        0       163      12      149      19        0       180      433
        10:45         5          30        16          0      51     24      27         1          0        52      0           154     9        0       163      16      147      15        0       178      444
        11:00         5          27        16          0      48     11      27         0          0        38      0           163     17       0       180      13      164      20        0       197      463
        11:15         7          28        15          0      50     21      22         0          0        43      0           151     11       0       162      15      147      21        0       183      438
        11:30         3          29        11          0      43     24      18         0          0        42      0           150     5        0       155      10      171      19        0       200      440
        11:45         5          25        13          0      43     20      24         0          0        44      0           154     5        0       159      13      175      17        0       205      451
        12:00         9          19        13          0      41     25      19         0          0        44      0           176     14       0       190      14      162      22        0       198      473
     Total AM        155        945       333          0    1,433   670     620         3          0      1,293     31         6,802   246       0      7,079    252     3,380    391        0      4,023    13,828
     AM Peak
                      38        263        85          0    386     179     159         0          0       338       3         1,872    64       0      1,939    47       675      79        0      801      3,464
       Hour

        12:15         9          38        13          0      60     32       27       0           0        59      0           150     11       0       161      10      155      22        0       187      467
        12:30         6          22        21          0      49     22       22       0           0        44      0           175     7        0       182      16      168      26        0       210      485
        12:45         9          24        28          0      61     24       14       0           0        38      3           179     9        0       191      13      162      28        0       203      493
        13:00         11         38        17          0      66     29       20       0           0        49      1           151     10       0       162      12      164      28        0       204      481
        13:15         9          23        20          0      52     32       18       0           0        50      0           171     9        0       180      10      166      26        0       202      484
        13:30         3          31        13          0      47     22       26       0           0        48      0           166     7        0       173      15      167      17        0       199      467
        13:45         7          30        15          0      52     29       22       1           0        52      0           161     8        0       169      12      178      18        0       208      481
        14:00         8          39        17          0      64     24       37       0           0        61      0           170     15       0       185      12      189      23        0       224      534
        14:15         9          35        30          0      74     24       36       0           0        60      1           180     7        0       188      11      215      25        0       251      573
        14:30         12         36        10          0      58     25       28       0           0        53      0           167     8        0       175      13      195      25        0       233      519
        14:45         11         32        10          0      53     26       34       0           0        60      0           196     9        0       205      15      262      28        0       305      623
        15:00         13         30        18          0      61     32       45       1           0        78      1           204     10       0       215      12      227      21        0       260      614
        15:15         11         21        21          0      53     43       46       0           0        89      0           213     11       0       224      12      279      26        0       317      683
        15:30         17         33        16          0      66     29       41       0           0        70      0           184     17       0       201      9       281      25        0       315      652
        15:45         19         50        27          0      96     35       39       0           0        74      0           213     18       0       231      21      357      28        0       406      807
        16:00         20         64        25          0     109     25       43       0           0        68      0           205     20       0       225      19      382      33        0       434      836
        16:15         14         45        20          0      79     40       64       0           0       104      0           152     14       0       166      12      397      39        0       448      797
        16:30         15         44        30          0      89     36       53       0           0        89      2           183     22       0       207      13      379      39        0       431      816
        16:45         17         36        15          0      68     27       53       0           0        80      0           168     8        0       176      13      377      22        0       412      736
        17:00         18         39        14          0      71     37       46       0           0        83      0           181     13       0       194      23      381      22        0       426      774
        17:15         23         51        47          0     121     28       56       0           0        84      0           181     14       0       195      15      397      34        0       446      846
        17:30         13         43        19          0      75     32       49       0           0        81      1           189     20       0       210      10      437      24        0       471      837
        17:45         14         39        12          0      65     36       72       0           0       108      0           198     9        0       207      16      377      25        0       418      798
        18:00         18         51        28          0      97     18       63       9           0        90      0           211     19       0       230      17      378      27        0       422      839
        18:15         17         43        30          0      90     30       63       0           0        93      0           204     17       0       221      6       350      22        0       378      782
        18:30         15         43        34          0      92     26       44       0           0        70      0           226     6        0       232      5       305      27        0       337      731
        18:45         19         33        19          0      71     27       43       0           0        70      1           196     8        0       205      16      304      15        0       335      681
        19:00         13         26        26          0      65     31       34       0           0        65      0           171     10       0       181      8       261      21        0       290      601
     Total PM        370       1,039      595          0    2,004   821     1,138      11          0      1,970     10         5,145   336       0      5,491    366     7,890    716        0      8,972    18,437
     PM Peak
                      68        184       106          0    358     114     240         9          0       363       1         779      62       0       842     58      1,589    110        0      1,757    3,320
      Hour

     13-Hour
                     525       1,984      928          0    3,437   1,491   1,758      14          0      3,263     41     11,947      582       0      12,570   618    11,270    1,107      0     12,995    32,265
      Total




Data Collected by:
    O. R. George Associates, Inc.
    10210 Greenbelt Road, Suite 310, Lanham MD 20706
     Phone: (301) 794-7700 Fax: (301) 794 4400                                                                                                                                                                        1
                                                                       WASA CLEAN RIVERS PROJECT
                                                                   BLOOMINGDALE AREA DATA COLLECTION

Location :                      Michigan Avenue, NE @ Harewood Road, NE                                         City/Area:     Washington, D.C.
Date Surveyed:                  January 31, 2013                                                                Weather:       Cold/Sunny/Dry
Intersection No.:               10                                                                              Technicians:   MD/AL/GC


                                              Pedestrian Volumes

            Harewood Road, NE      4th Street, NE      Michigan Avenue, NE   Michigan Avenue, NE
 End Time                                                                                          Int. Total
                From North          From South             From East             From West
                  Adults              Adults                 Adults                Adults
   6:15             1                   0                      0                     0                 1
   6:30             0                   2                      0                     1                 3
   6:45             1                   0                      0                     0                 1
   7:00             0                   2                      1                     0                 3
   7:15             2                   1                      0                     0                 3
   7:30             5                   4                      1                     1                11
   7:45             4                   1                      1                     0                 6
   8:00             10                  3                      0                     2                15
   8:15             5                   4                      1                     0                10
   8:30             10                  1                      3                     0                14
   8:45             5                   3                      1                     0                 9
   9:00             8                   1                      0                     0                 9
   9:15             5                   1                      0                     1                 7
   9:30             4                   3                      1                     0                 8
   9:45             6                   4                      1                     0                11
   10:00            5                   3                      1                     0                 9
   10:15            5                   2                      1                     0                 8
   10:30            3                   1                      2                     0                 6
   10:45            1                   1                      2                     0                 4
   11:00            9                   0                      1                     0                10
   11:15            3                   3                      0                     0                 6
   11:30            6                   3                      0                     1                10
   11:45            4                   0                      2                     0                 6
   12:00            7                   3                      2                     3                15
 Total AM          109                  46                    21                     9                185

  12:15              4                  4                      1                     1                10
  12:30              10                 4                      0                     0                14
  12:45              2                  5                      0                     0                 7
  13:00              11                 4                      0                     1                16
  13:15              2                  3                      0                     1                 6
  13:30              1                  5                      0                     0                 6
  13:45              4                  0                      1                     0                 5
  14:00              2                  0                      1                     0                 3
  14:15              8                  0                      1                     1                10
  14:30              5                  0                      1                     0                 6
  14:45              1                  0                      0                     1                 2
  15:00              7                  6                      1                     0                14
  15:15              9                  6                      2                     1                18
  15:30              5                  3                      0                     1                 9
  15:45              7                  3                      1                     1                12
  16:00              8                  1                      1                     1                11
  16:15              7                  0                      0                     1                 8
  16:30              3                  2                      1                     0                 6
  16:45              15                 0                      5                     5                25
  17:00              12                 1                      0                     4                17
  17:15              10                 0                      1                     0                11
  17:30              18                 2                      2                     4                26
  17:45              11                 5                      0                     2                18
  18:00              11                 3                      0                     1                15
  18:15              5                  0                      1                     0                 6
  18:30              3                  4                      0                     0                 7
  18:45              9                  5                      1                     0                15
  19:00              12                 2                      0                     0                14
 Total PM           202                 68                     21                    26               317




Data Collected by:
    O. R. George Associates, Inc.
    10210 Greenbelt Road, Suite 310, Lanham MD 20706
     Phone: (301) 794-7700 Fax: (301) 794 4400                                                                                              2
                                                                                WASA CLEAN RIVERS PROJECT
                                                                            BLOOMINGDALE AREA DATA COLLECTION
    Location :               Basilica Church Entrance @ 4th Street, NE                                                                                                 City/Area:         Washington, D.C.
    Date Surveyed:           January 31, 2013                                                                                                                          Weather:           Cold/Sunny/Dry
    Intersection No.:        10                                                                                                                                        Technicians:       MD/AL/GC


                                                                                                      Total Traffic Volumes
                             Basilica Church Entrance                            4th Street, NE                               Michigan Avenue, NE                        Michigan Avenue, NE
                                    From North                                    From South                                      From East                                  From West
                                                                                                                                                                                                              Int.
     End Time
                                                                                                                                                                                                             Total
                     Left      Thru      Right     U-Turn   Total   Left   Thru      Right   U-Turn      Total     Left       Thru    Right   U-Turn   Total    Left    Thru    Right     U-Turn    Total

         6:15         0         0          1           0     1       0      0          13         0        13       28         170     3        0       201      0        40          0      0        40      255
         6:30         1         0          0           0     1       0      3          17         0        20       44         229     1        0       274      0        69          0      0        69      364
         6:45         1         1          1           0     3       0      3          8          0        11       48         294     1        0       343      1        78          0      0        79      436
         7:00         0         2          3           0     5       0      1          19         0        20       56         320     4        0       380      4        90          0      0        94      499
         7:15         5         1          1           0     7       0      2          15         0        17       48         330     5        0       383      6       113          0      0       119      526
         7:30         15        1          1           0     17      0      5          30         0        35       81         369     1        0       451      7       108          0      0       115      618
         7:45         22        5          2           0     29      0      4          24         0        28       98         461     1        0       560      7       158          0      0       165      782
         8:00         3         3          1           0     7       1      7          39         0        47       57         508     3        0       568      9       175          0      0       184      806
         8:15         6         1          1           0     8       0      11         40         0        51       80         434     1        0       515      6       175          1      0       182      756
         8:30         3         0          2           0     5       0      4          37         0        41       77         511     6        0       594      6       137          0      0       143      783
         8:45         2         3          2           0     7       0      10         29         0        39       85         486     6        0       577      12      188          1      0       201      824
         9:00         4         2          1           0     7       0      11         39         0        50       77         463     8        0       548      15      196          2      0       213      818
         9:15         1         3          2           0     6       2      6          36         0        44       60         285     9        0       354      9       185          0      0       194      598
         9:30         3         2          2           0     7       0      5          32         0        37       38         311     4        0       353      15      135          0      0       150      547
         9:45         1         5          2           0     8       0      7          29         0        36       44         280     6        0       330      9       144          0      0       153      527
        10:00         2         3          1           0     6       0      5          32         0        37       56         265     6        0       327      10      143          0      0       153      523
        10:15         6         2          1           0     9       0      7          23         0        30       54         191     3        0       248      14      131          0      0       145      432
        10:30         3         4          2           0     9       0      6          29         0        35       41         163     2        0       206      12      149          0      0       161      411
        10:45         1         2          2           0     5       0      4          35         0        39       29         163     4        0       196      9       147          0      0       156      396
        11:00         2         5          4           0     11      0      6          28         0        34       37         180     5        0       222      18      164          0      0       182      449
        11:15         3         2          6           0     11      0      2          35         0        37       31         162     2        0       195      13      147          0      0       160      403
        11:30         6         2          4           0     12      0      3          26         0        29       28         155     6        0       189      11      171          0      0       182      412
        11:45         10        1          4           0     15      0      4          17         0        21       43         159     4        0       206      0       175          0      0       175      417
        12:00         1         2          5           0     8       0      6          25         0        31       27         190     3        0       220      9       162          0      0       171      430
     Total AM        101        52         51          0    204      3     122        657         0       782     1,267       7,079    94       0      8,440    202     3,380         4      0      3,586    13,012
     AM Peak
                      15         6          6          0     27      0      36        145         0       181      319        1,894    21       0      2,234    39       696          4      0      739      3,181
       Hour

        12:15         10         2         4           0     16      0      0          19         0        19       28         161     2        0       191      2       155          1      0       158      384
        12:30         1          2         1           0     4       0      6          36         0        42       32         182     4        0       218      18      168          0      0       186      450
        12:45         4          4         10          0     18      0      8          28         0        36       18         191     3        0       212      9       162          0      0       171      437
        13:00         6          7         4           0     17      0      2          43         0        45       43         162     4        0       209      9       164          0      0       173      444
        13:15         4          7         8           0     19      0      4          29         0        33       37         180     1        0       218      2       166          0      0       168      438
        13:30         0          2         1           0     3       0      5          37         0        42       27         173     3        0       203      9       167          0      0       176      424
        13:45         3          3         3           0     9       0      4          29         0        4        23         169     1        0       193      8       178          0      0       186      392
        14:00         6          5         3           0     14      0      3          25         1        7        44         185     3        0       232      4       189          0      0       193      446
        14:15         7          5         7           0     19      0      4          28         0        32       32         188     2        0       222      6       215          0      0       221      494
        14:30         2          2         5           0     9       2      2          31         0        35       36         175     5        0       216      5       195          0      0       200      460
        14:45         1          8         6           0     15      0      5          47         0        52       30         205     2        0       237      10      262          0      0       272      576
        15:00         4          5         4           0     13      0      5          44         0        49       33         215     2        0       250      14      227          0      0       241      553
        15:15         5          3         7           0     15      0      3          42         0        45       32         224     7        0       263      9       279          0      0       288      611
        15:30         2          3         9           0     14      0      7          63         0        70       30         201     5        0       236      10      281          2      0       293      613
        15:45         3          5         5           0     13      0      4          69         0        73       43         231     3        0       277      11      357          1      0       369      732
        16:00         4          2         6           0     12      0      5          65         0        70       33         225     8        0       266      13      382          1      0       396      744
        16:15         3          10        4           0     17      0      5          70         0        75       44         166     1        0       211      5       397          0      0       402      705
        16:30         4          8         4           0     16      0      5          85         0        90       48         207     6        0       261      12      379          0      0       391      758
        16:45         3          7         1           0     11      0      6          93         0        99       31         176     3        0       210      7       377          0      0       384      704
        17:00         1          9         2           0     12      0      10         84         0        94       47         194     10       0       251      8       381          0      0       389      746
        17:15         6          14        11          0     31      0      7          91         0        98       46         195     10       0       251      19      397          0      0       416      796
        17:30         6          3         15          0     24      1      2         103         0       106       34         210     3        0       247      12      437          0      0       449      826
        17:45         6          4         3           0     13      0      5         105         0       110       52         207     3        0       262      7       377          0      0       384      769
        18:00         6          5         14          0     25      0      2         105         0       107       47         230     4        0       281      7       378          1      0       386      799
        18:15         15         8         14          0     37      0      3          94         0        97       46         221     3        0       270      21      350          0      0       371      775
        18:30         8          12        11          0     31      0      9          77         0        86       39         232     9        0       280      18      305          0      0       323      720
        18:45         3          6         9           0     18      0      9          54         0        63       36         205     2        0       243      13      304          0      0       317      641
        19:00         6          5         5           0     16      0      7          70         0        77       43         181     3        0       227      13      261          0      0       274      594
     Total PM        129        156       176          0    461      3     137       1,666        1      1,756    1,034       5,491   112       0      6,637    281     7,890         6      0      8,177    17,031
     PM Peak
                      24        26         43          0     93      1      16        404         0       421      179        842      20       0      1,041    45      1,589         1      0      1,635    3,190
      Hour

     13-Hour
                     230        208       227          0    665      6     259       2,323        1      2,538    2,301   12,570      206       0      15,077   483    11,270     10         0     11,763    30,043
      Total




Data Collected by:
    O. R. George Associates, Inc.
    10210 Greenbelt Road, Suite 310, Lanham MD 20706
     Phone: (301) 794-7700 Fax: (301) 794 4400                                                                                                                                                                        3
                                                                          WASA CLEAN RIVERS PROJECT
                                                                      BLOOMINGDALE AREA DATA COLLECTION

Location :                      Basilica Church Entrance @ 4th Street, NE                                            City/Area:     Washington, D.C.
Date Surveyed:                  January 31, 2013                                                                     Weather:       Cold/Sunny/Dry
Intersection No.:               10                                                                                   Technicians:   MD/AL/GC


                                                 Pedestrian Volumes
              Basilica Church
                                     4th Street, NE         Michigan Avenue, NE   Michigan Avenue, NE
                 Entrance
End Time                                                                                                Int. Total
               From North             From South                 From East            From West
                   Adults               Adults                     Adults               Adults
  6:15                0                   1                          0                    0                 1
  6:30                0                   2                          0                    0                 2
  6:45                0                   0                          0                    0                 0
  7:00                0                   1                          3                    0                 4
  7:15                3                   1                          3                    0                 7
  7:30                3                   8                          0                    0                11
  7:45                3                   3                          4                    0                10
  8:00                4                   3                          7                    0                14
  8:15                5                   5                          4                    2                16
  8:30               11                   6                          4                    0                21
  8:45                7                   2                          7                    0                16
  9:00                6                   2                          4                    0                12
  9:15                2                   0                          10                   0                12
  9:30                2                   2                          21                   0                25
  9:45                6                   3                          4                    0                13
  10:00               2                   0                          4                    0                 6
  10:15               1                   1                          5                    0                 7
  10:30               2                   3                          7                    0                12
  10:45               1                   1                          5                    0                 7
  11:00               3                   1                          11                   0                15
  11:15               3                   3                          17                   0                23
  11:30               2                   3                          0                    0                 5
  11:45               2                   2                          3                    0                 7
  12:00               3                   3                          6                    1                13
Total AM             71                   56                        129                   3                259

 12:15              1                      2                          4                    0                7
 12:30              4                      5                          7                    1               17
 12:45              2                      4                          11                   0               17
 13:00              5                      6                          6                    0               17
 13:15              1                      4                          3                    0                8
 13:30              1                      4                          4                    0                9
 13:45              3                      6                          5                    0               14
 14:00              1                      4                          8                    0               13
 14:15              3                      2                          11                   0               16
 14:30              2                      1                          2                    0                5
 14:45              0                      0                          2                    0                2
 15:00              3                      4                          3                    0               10
 15:15              6                      4                          2                    0               12
 15:30              3                      5                          17                   0               25
 15:45              1                      4                          20                   1               26
 16:00              4                      4                          4                    1               13
 16:15              5                      1                          6                    0               12
 16:30              3                      4                          5                    1               13
 16:45              4                      3                          3                    0               10
 17:00              3                      0                          20                   0               23
 17:15              7                      0                          14                   0               21
 17:30              0                      6                          8                    0               14
 17:45              5                      9                          0                    0               14
 18:00              1                      3                          2                    0                6
 18:15              2                      2                          2                    1                7
 18:30              1                      5                          10                   0               16
 18:45              2                      4                          3                    0                9
 19:00              1                      1                          5                    0                7
Total PM            74                     97                        187                   5               363




Data Collected by:
    O. R. George Associates, Inc.
    10210 Greenbelt Road, Suite 310, Lanham MD 20706
     Phone: (301) 794-7700 Fax: (301) 794 4400                                                                                                 4
