                                                                         WASA CLEAN RIVERS PROJECT
                                                                     BLOOMINGDALE AREA DATA COLLECTION
Location :           Michigan Ave @ Irving Street NW                                                                                            City/Area:     Wahsington D.C.
Date Surveyed:       2/5'2013                                                                                                                   Weather:       45/Sunny
Intersection No.:    2                                                                                                                          Technicians:   JMT
                                                                                   Total Traffic Volumes

                                                                                                                                                                                  Int.
End Time
                             Michigan Ave, NW                         Michigan Ave, NW                             NW                              Irving Street, NW             Total
                                From North                                From South                            From East                                  From West
              Left         Thru      Right U-Turn   Total     Left   Thru    Right U-Turn   Total   Left   Thru   Right U-Turn   Total   Left    Thru    Right U-Turn   Total
      6:15     0            16         0      0      16        0      20       0     0       20      0      0       0     0       0        36     0        0        0     36      72
      6:30     0            26         0      0      26        0      26       0     0       26      0      0       0     0       0        71     0        0        0     71     123
      6:45     0            34         0      0      34        0      50       0     0       50      0      0       0     0       0       117     0        0        0    117     201
      7:00     0            38         0      0      38        0      58       0     0       58      0      0       0     0       0       119     0        0        0    119     215
      7:15     0            39         0      0      39        0      59       0     0       59      0      0       0     0       0       100     0        0        0    100     198
      7:30     0            39         0      0      39        0      38       0     0       38      0      0       0     0       0       122     0        0        0    122     199
      7:45     0            40         0      0      40        0      80       0     0       80      0      0       0     0       0       152     0        0        0    152     272
      8:00     0            89         0      0      89        0      92       0     0       92      0      0       0     0       0       156     0        0        0    156     337
      8:15     0            137        0      0      137       0      99       0     0       99      0      0       0     0       0       162     0        0        0    162     398
      8:30     0            111        0      0      111       0      80       0     0       80      0      0       0     0       0       169     0        0        0    169     360
      8:45     0            102        0      0      102       0      84       0     0       84      0      0       0     0       0       165     0        0        0    165     351
      9:00     0            106        0      0      106       0      95       0     0       95      0      0       0     0       0       165     0        0        0    165     366
      9:15     0            72         0      0      72        0      85       0     0       85      0      0       0     0       0       144     0        0        0    144     301
      9:30     0            63         0      0      63        0      60       0     0       60      0      0       0     0       0       134     0        0        0    134     257
      9:45     0            55         0      0      55        0      64       0     0       64      0      0       0     0       0       113     0        0        0    113     232
     10:00     0            41         0      0      41        0      57       0     0       57      0      0       0     0       0       109     0        0        0    109     207
     10:15     0            40         0      0      40        0      69       0     0       69      0      0       0     0       0       105     0        0        0    105     214
     10:30     0            41         0      0      41        0      62       0     0       62      0      0       0     0       0       103     0        0        0    103     206
     10:45     0            25         0      0      25        0      57       0     0       57      0      0       0     0       0        86     0        0        0     86     168
     11:00     0            42         0      0      42        0      63       0     0       63      0      0       0     0       0       108     0        0        0    108     213
     11:15     0            33         0      0      33        0      49       0     0       49      0      0       0     0       0        94     0        0        0     94     176
     11:30     0            30         0      0      30        0      51       0     0       51      0      0       0     0       0        99     0        0        0     99     180
     11:45     0            12         0      0      12        0      54       0     0       54      0      0       0     0       0        97     0        0        0     97     163
     12:00     0            24         0      0      24        0      75       0     0       75      0      0       0     0       0       101     0        0        0    101     200
Total AM       0           1255        0      0     1255       0     1527      0     0      1527     0      0       0     0       0      2827     0        0        0   2827     5609
AM Peak
                0          456       0       0         456     0      358     0      0      358      0      0      0      0       0      661       0       0      0      661     1475
  Hour

     12:15      0           37       0       0          37     0       60     0      0       60      0      0      0      0       0        91      0       0      0       91      188
     12:30      0           26       0       0          26     0       59     0      0       59      0      0      0      0       0        85      0       0      0       85     170
     12:45      0           36       0       0          36     0       73     0      0       73      0      0      0      0       0       116      0       0      0      116     225
     13:00      0           28       0       0          28     0       66     0      0       66      0      0      0      0       0        86      0       0      0       86     180
     13:15      0           29       0       0          29     0       79     0      0       79      0      0      0      0       0       117      0       0      0      117     225
     13:30      0           22       0       0          22     0       81     0      0       81      0      0      0      0       0        95      0       0      0       95     198
     13:45      0           19       0       0          19     0       58     0      0       58      0      0      0      0       0       111      0       0      0      111     188
     14:00      0           23       0       0          23     0       56     0      0       56      0      0      0      0       0       108      0       0      0      108     187
     14:15      0           30       0       0          30     0       76     0      0       76      0      0      0      0       0       115      0       0      0      115     221
     14:30      0           29       0       0          29     0       93     0      0       93      0      0      0      0       0       131      0       0      0      131     253
     14:45      0           29       0       0          29     0       95     0      0       95      0      0      0      0       0       128      0       0      0      128     252
     15:00      0           34       0       0          34     0       71     0      0       71      0      0      0      0       0       114      0       0      0      114     219
     15:15      0           33       0       0          33     0       97     0      0       97      0      0      0      0       0       103      0       0      0      103     233
     15:30      0           33       0       0          33     0      108     0      0      108      0      0      0      0       0       122      0       0      0      122     263
     15:45      0           30       0       0          30     0      151     0      0      151      0      0      0      0       0       131      0       0      0      131     312
     16:00      0           37       0       0          37     0      123     0      0      123      0      0      0      0       0       140      0       0      0      140     300
     16:15      0           30       0       0          30     0      152     0      0      152      0      0      0      0       0       161      0       0      0      161     343
     16:30      0           31       0       0          31     0      142     0      0      142      0      0      0      0       0       132      0       0      0      132     305
     16:45      0           32       0       0          32     0      160     0      0      160      0      0      0      0       0       134      0       0      0      134     326
     17:00      0           27       0       0          27     0      143     0      0      143      0      0      0      0       0       121      0       0      0      121     291
     17:15      0           40       0       0          40     0      151     0      0      151      0      0      0      0       0       125      0       0      0      125     316
     17:30      0           25       0       0          25     0      176     0      0      176      0      0      0      0       0       139      0       0      0      139     340
     17:45      0           29       0       0          29     0      150     0      0      150      0      0      0      0       0       147      0       0      0      147     326
     18:00      0           20       0       0          20     0      137     0      0      137      0      0      0      0       0       139      0       0      0      139     296
     18:15      0           23       0       0          23     0      119     0      0      119      0      0      0      0       0       138      0       0      0      138     280
     18:30      0           32       0       0          32     0      127     0      0      127      0      0      0      0       0       124      0       0      0      124     283
     18:45      0           27       0       0          27     0      101     0      0      101      0      0      0      0       0       120      0       0      0      120     248
     19:00      0           18       0       0          18     0       74     0      0       74      0      0      0      0       0        94      0       0      0       94     186
Total PM        0          809       0       0         809     0     2978     0      0      2978     0      0      0      0       0      3367      0       0      0     3367     7154
PM Peak
                0          114       0       0         114     0      614     0      0      614      0      0      0      0       0      550       0       0      0      550     1278
 Hour

 13-Hour
                0          2064      0       0         2064    0     4505     0      0      4505     0      0      0      0       0      6194      0       0      0     6194     12763
  Total




       JMT
       72 Loveton Circle
       Sparks MD 21052
                                                            WASA CLEAN RIVERS PROJECT
                                                        BLOOMINGDALE AREA DATA COLLECTION

Location :                 5th Street @ Harvard Street NW                                                           City/Area:      Wahsington D.C.
Date Surveyed:            1/31/2013                                                                                 Weather:        45/Sunny
Intersection No.:         2                                                                                         Technicians:    JMT

                                                                 Pedestrian Volumes

End Time          Michigan Ave, NW                 Michigan Ave, NW                    NW                  Irving Street, NW         Total
                  Across North Leg                 Across South Leg              Across East Leg                Across West Leg
               Children        Adults           Children        Adults       Children        Adults   Children             Adults
     6:15          0             0                  0             0              0             0         0                   0         0
     6:30          0             0                  0             0              0             0         0                   0         0
     6:45          0             0                  0             0              0             0         0                   0         0
     7:00          0             0                  0             0              0             0         0                   0         0
     7:15          0             0                  0             0              0             0         0                   0         0
     7:30          0             0                  0             0              0             0         0                   0         0
     7:45          0             0                  0             0              0             0         0                   0         0
     8:00          0             0                  0             0              0             0         0                   0         0
     8:15          0             0                  0             0              0             0         0                   0         0
     8:30          0             0                  0             0              0             0         0                   0         0
     8:45          0             0                  0             0              0             0         0                   0         0
     9:00          0             0                  0             0              0             0         0                   0         0
     9:15          0             0                  0             0              0             0         0                   0         0
     9:30          0             0                  0             0              0             0         0                   0         0
     9:45          0             0                  0             0              0             0         0                   0         0
   10:00           0             0                  0             0              0             0         0                   0         0
   10:15           0             0                  0             0              0             0         0                   0         0
   10:30           0             0                  0             0              0             0         0                   0         0
   10:45           0             0                  0             0              0             0         0                   0         0
   11:00           0             0                  0             0              0             0         0                   0         0
   11:15           0             0                  0             0              0             0         0                   0         0
   11:30           0             0                  0             0              0             0         0                   0         0
   11:45           0             0                  0             0              0             0         0                   0         0
   12:00           0             0                  0             0              0             0         0                   0         0
Total AM           0             0                  0             0              0             0         0                   0         0

   12:15            0             0                 0             0             0              0         0                  0          0
   12:30            0             0                 0             0             0              0         0                  0          0
   12:45            0             0                 0             0             0              0         0                  0          0
   13:00            0             0                 0             0             0              0         0                  0          0
   13:15            0             0                 0             0             0              0         0                  0          0
   13:30            0             0                 0             0             0              0         0                  0          0
   13:45            0             0                 0             0             0              0         0                  0          0
   14:00            0             0                 0             0             0              0         0                  0          0
   14:15            0             0                 0             0             0              0         0                  0          0
   14:30            0             0                 0             0             0              0         0                  0          0
   14:45            0             0                 0             0             0              0         0                  0          0
   15:00            0             0                 0             0             0              0         0                  0          0
   15:15            0             0                 0             0             0              0         0                  0          0
   15:30            0             0                 0             0             0              0         0                  0          0
   15:45            0             0                 0             0             0              0         0                  0          0
   16:00            0             0                 0             0             0              0         0                  0          0
   16:15            0             0                 0             0             0              0         0                  0          0
   16:30            0             0                 0             0             0              0         0                  0          0
   16:45            0             0                 0             0             0              0         0                  0          0
   17:00            0             0                 0             0             0              0         0                  0          0
   17:15            0             0                 0             0             0              0         0                  0          0
   17:30            0             0                 0             0             0              0         0                  0          0
   17:45            0             0                 0             0             0              0         0                  0          0
   18:00            0             0                 0             0             0              0         0                  0          0
   18:15            0             0                 0             0             0              0         0                  0          0
   18:30            0             0                 0             0             0              0         0                  0          0
   18:45            0             0                 0             0             0              0         0                  0          0
   19:00            0             0                 0             0             0              0         0                  0          0
Total PM            0             0                 0             0             0              0         0                  0          0
                                                          WASA CLEAN RIVERS PROJECT
                                                      BLOOMINGDALE AREA DATA COLLECTION

Location :                   5th Street @ Harvard Street NW                                                  City/Area:     Wahsington D.C.
Date Surveyed:              1/31/2013                                                                        Weather:       45/Sunny
Intersection No.:           2                                                                                Technicians:   JMT

                                                                   Bikes Volumes

End Time            Michigan Ave, NW                Michigan Ave, NW                     NW          Irving Street, NW       Total
                    Across North Leg                Across South Leg               Across East Leg        Across West Leg

     6:15                  0                                  0                          0                 0                   0
     6:30                  0                                  0                          0                 0                   0
     6:45                  0                                  0                          0                 1                   1
     7:00                  0                                  0                          0                 0                   0
     7:15                  0                                  0                          0                 0                   0
     7:30                  0                                  0                          0                 0                   0
     7:45                  0                                  0                          1                 2                   3
     8:00                  0                                  0                          0                 0                   0
     8:15                  0                                  0                          0                 2                   2
     8:30                  0                                  0                          0                 2                   2
     8:45                  0                                  0                          0                 1                   1
     9:00                  0                                  1                          0                 3                   4
     9:15                  0                                  0                          0                 1                   1
     9:30                  0                                  1                          0                 2                   3
     9:45                  0                                  0                          1                 1                   2
   10:00                   0                                  0                          1                 1                   2
   10:15                   0                                  0                          0                 0                   0
   10:30                   0                                  0                          0                 0                   0
   10:45                   0                                  0                          0                 1                   1
   11:00                   0                                  0                          0                 0                   0
   11:15                   0                                  0                          0                 0                   0
   11:30                   0                                  0                          0                 0                   0
   11:45                   0                                  0                          0                 0                   0
   12:00                   0                                  0                          1                 0                   1
Total AM                   0                                  2                          4                 17                 23

   12:15                   0                                  0                          0                  0                  0
   12:30                   0                                  0                          0                  0                  0
   12:45                   0                                  0                          0                  0                  0
   13:00                   0                                  0                          0                  0                  0
   13:15                   0                                  0                          0                  0                  0
   13:30                   0                                  0                          0                  0                  0
   13:45                   0                                  0                          0                  0                  0
   14:00                   0                                  0                          0                  0                  0
   14:15                   0                                  0                          0                  0                  0
   14:30                   0                                  0                          0                  0                  0
   14:45                   0                                  0                          0                  0                  0
   15:00                   0                                  0                          0                  0                  0
   15:15                   0                                  0                          0                  0                  0
   15:30                   0                                  0                          0                  0                  0
   15:45                   0                                  0                          0                  0                  0
   16:00                   0                                  0                          0                  0                  0
   16:15                   0                                  0                          0                  0                  0
   16:30                   0                                  0                          0                  0                  0
   16:45                   0                                  0                          0                  0                  0
   17:00                   0                                  0                          0                  0                  0
   17:15                   0                                  0                          0                  0                  0
   17:30                   0                                  0                          0                  0                  0
   17:45                   0                                  0                          0                  0                  0
   18:00                   0                                  0                          0                  0                  0
   18:15                   0                                  0                          0                  0                  0
   18:30                   0                                  0                          0                  0                  0
   18:45                   0                                  0                          0                  0                  0
   19:00                   0                                  0                          0                  0                  0
Total PM                   0                                  0                          0                  0                  0
