                                                                         WASA CLEAN RIVERS PROJECT
                                                                     BLOOMINGDALE AREA DATA COLLECTION
Location :           4th Street @ Bryant Street NW                                                                                               City/Area:       Wahsington D.C.
Date Surveyed:       1/31/2013                                                                                                                   Weather:         45/Sunny
Intersection No.:    2                                                                                                                           Technicians:     JMT
                                                                                    Total Traffic Volumes

                                                                                                                                                                                     Int.
End Time
                                4th Street, NW                           4th Street, NW                      Bryant Street, NW                      Bryant Street, NW               Total
                                 From North                               From South                             From East                                  From West
              Left         Thru        Right U-Turn   Total   Left   Thru     Right U-Turn   Total   Left   Thru   Right U-Turn   Total   Left    Thru   Right U-Turn      Total
      6:15      7            25          0     0        32     0      22        5       0     27       6     0       7        0    13       0       4       8        0      12       84
      6:30      7            24          0     0        31     0      22        3       0     25       6     0       8        0    14       1       5      19        0      25       95
      6:45      1            29          0     0        30     0      38        4       0     42       3     0       5        0     8      5        3       9        0      17       97
      7:00      6            58          0     0        64     0      36        2       0     38      11     0      16        0     27      2       5      24        0      31      160
      7:15      9            62          0     0        71     0      36        2       0     38      12     0      15        0     27      3      13      30        0      46      182
      7:30     14            98          0     0       112     0      38        6       0     44      18     0      22        0    40       1      13      22        0      36      232
      7:45     14           134          0     0       148     0      49        6       0     55      14     0      27        0    41      15      10      36        0      61      305
      8:00      9           153          0     0       162     0      46        6       0     52      20     0      13        0     33      8      21      46        0      75      322
      8:15      5           152          0     0       157     0      59        6       0     65      33     0      25        0     58     14      18      55        0      87      367
      8:30     15           172          0     0       187     0      39        8       0     47      32     0      14        0    46       8      17      25        0      50      330
      8:45      7           148          0     0       155     0      46        6       0     52      38     0      15        0     53      6       9      27        0      42      302
      9:00     10           174          0     0       184     0      28        9       0     37      24     0      13        0    37       6      20      35        0      61      319
      9:15      5           150          0     0       155     0      48        7       0     55      27     0      17        0     44      9      17      44        0      70      324
      9:30      7           132          0     0       139     0      49        7       0     56      13     0      23        0     36      6       8      35        0      49      280
      9:45      7           106          0     0       113     0      33        7       0     40      28     0      11        0     39     16      16      25        0      57      249
     10:00      6            77          0     0        83     0      35        6       0     41      19     0      22        0     41     12      12      23        0      47      212
     10:15      4            63          0     0        67     0      49        4       0     53      22     0      12        0     34      9      17      35        0      61      215
     10:30      5            63          0     0        68     0      35        7       0     42       9     0      10        0     19      8      17      24        0      49      178
     10:45      6            63          0     0        69     0      43        5       0     48      19     0       8        0    27       9      15      20        0      44      188
     11:00      7            40          0     0        47     0      34        2       0     36      14     0       6        0    20       9      11      25        0      45      148
     11:15     10            67          0     0        77     0      28        5       0     33      19     0       6        0    25      14      17      18        0      49      184
     11:30      7            57          0     0        64     0      35        2       0     37      13     0      12        0     25     10      25      18        0      53      179
     11:45      6            57          0     0        63     0      30       11       0     41      25     0      16        0     41     10      19      18        0      47      192
     12:00      4            64          0     0        68     0      34        3       0     37      10     0       7        0    17      16      21      12        0      49      171
Total AM      178          2168          0     0      2346     0      912      129      0    1041    435     0      330       0    765    197      333     633       0     1163     5315
AM Peak
               36          625        0       0       661      0      190    26       0      216     123     0      67     0      190     36       65      153       0      254     1321
  Hour

     12:15     11           48        0       0        59      0      35      4       0        39     11     0     13      0      24      18       15      18        0      51      173
     12:30      7           56        0       0        63      0      44      3       0        47     13     0      5      0      18       9       15      29        0      53      181
     12:45      6           59        0       0        65      0      38      5       0        43      6     0     12      0      18      11       26      21        0      58      184
     13:00      7           46        0       0        53      0      48      3       0        51     14     0     13      0      27      11       20      21        0      52      183
     13:15      5           52        0       0        57      0      40      4       0        44     14     0      9      0      23       7       13      17        0      37      161
     13:30      6           27        0       0        33      0      42      6       0        48      8     0     10      0      18       7       18      19        0      44      143
     13:45      5           53        0       0        58      0      50      4       0        54     15     0      9      0      24      12       19      18        0      49      185
     14:00      9           53        0       0        62      0      56      8       0        64     13     0     17      0      30       9       17      19        0      45      201
     14:15      8           46        0       0        54      0      48      3       0        51     13     0     11      0      24      17       31      23        0      71      200
     14:30      9           48        0       0        57      0      65      6       0        71     19     0     15      0      34       9       29      32        0      70      232
     14:45      8           64        0       0        72      0      55      6       0        61     12     0     25      0      37       7       22      25        0      54      224
     15:00      8           45        0       0        53      0      57      6       0        63     22     0      9      0      31      17       30      16        0      63      210
     15:15     11           70        0       0        81      0      65      5       0        70     14     0     10      0      24      12       27      22        0      61      236
     15:30     12           54        0       0        66      0      91      9       0       100     15     0     10      0      25      11       32      24        0      67      258
     15:45     11           61        0       0        72      0      65      6       0        71     18     0     12      0      30      17       22      13        0      52      225
     16:00      7           74        0       0        81      0      53      5       0        58      8     0     13      0      21      15       26      21        0      62      222
     16:15     11           66        0       0        77      0       84      8      0        92     21     0      24     0      45      13       30      20        0      63      277
     16:30     10           60        0       0        70      0       89      3      0        92     10     0       9     0      19      18       40      19        0      77      258
     16:45     11           68        0       0        79      0       72     14      0        86      6     0      15     0      21      18       36      14        0      68      254
     17:00     13           79        0       0        92      0      105     5       0       110     19     0      17     0      36      22       24      20        0      66      304
     17:15      8           77        0       0        85      0       94     16      0       110     19     0      11     0      30      25       40      30        0      95      320
     17:30      6           54        0       0        60      0      114     19      0       133     13     0      16     0      29      22       47      28        0      97      319
     17:45      6           50        0       0        56      0      118     4       0       122     23     0      18     0      41      24       40      24        0      88      307
     18:00     12           56        0       0        68      0       73      3      0        76     12     0      15     0      27      26       44      18        0      88      259
     18:15      9           43        0       0        52      0       92      2      0        94     10     0       5     0      15      18       34      19        0      71      232
     18:30      4           38        0       0        42      0       88      6      0        94     13     0      18     0      31      12       30      18        0      60      227
     18:45     20           58        0       0        78      0       83      4      0        87     17     0       9     0      26      13       28      16        0      57      248
     19:00     11           46        0       0        57      0       71      6      0        77      7     0       7     0      14      11       28      29        0      68      216
Total PM      251          1551       0       0       1802     0     1935    173      0      2108    385     0     357     0      742     411      783     593       0     1787     6439
PM Peak
               33          260        0       0       293      0      431    44       0      475      74     0      62     0      136     93       151     102       0      346     1250
  Hour

 13-Hour
              429          3719       0       0       4148     0     2847    302      0      3149    820     0     687     0      1507    608     1116     1226      0     2950     11754
  Total




       JMT
       72 Loveton Circle
       Sparks MD 21052
                                                              WASA CLEAN RIVERS PROJECT
                                                          BLOOMINGDALE AREA DATA COLLECTION

Location :                   4th Street @ Bryant Street NW                                                              City/Area:     Wahsington D.C.
Date Surveyed:              1/31/2013                                                                                   Weather:       45/Sunny
Intersection No.:           2                                                                                           Technicians:   JMT

                                                                     Pedestrian Volumes

End Time             4th Street, NW                     4th Street, NW              Bryant Street, NW          Bryant Street, NW        Total
                  Across North Leg                   Across South Leg                Across East Leg                Across West Leg
               Children           Adults          Children           Adults      Children         Adults   Children           Adults
     6:15          0                2                 0                1             0               0        0                  1        4
     6:30          0                1                 0                3             0               4        0                  0        8
     6:45          0                5                 0                0             0               4        0                  0        9
     7:00          0                7                 0                1             0               2        0                  3       13
     7:15          0                2                 0                6             0               3        0                  2       13
     7:30          0                4                 0                3             0               2        0                  0        9
     7:45          0               10                 0                8             0               7        0                  1       26
     8:00          0               22                 0               13             0               6        0                  6       47
     8:15          0               31                 0               15             0              11        0                  2       59
     8:30          0               19                 0               34             0               5        0                  2       60
     8:45          0               13                 0               24             0               2        0                  1       40
     9:00          0               11                 0               22             0               4        0                  1       38
     9:15          0               23                 0               26             0               6        0                  3       58
     9:30          0               20                 0               66             0               4        0                  6       96
     9:45          0               37                 0               23             0               3        0                  8       71
   10:00           0               21                 0               10             0               2        0                  3       36
   10:15           0                9                 0               15             0               2        0                 10       36
   10:30           0                8                 0                9             0               7        0                  5       29
   10:45           0                8                 0                6             0               5        0                  6       25
   11:00           0               14                 0                1             0               2        0                  8       25
   11:15           0               27                 0                5             0               7        0                 16       55
   11:30           0               27                 0                5             0               2        0                  6       40
   11:45           0               17                 0                6             0               6        0                  5       34
   12:00           0               19                 0               10             0               6        0                  3       38
Total AM           0               357                0               312            0              102       0                 98       869

   12:15            0             17                  0              15             0               1         0                 5        38
   12:30            0             13                  0              11             0               7         0                11        42
   12:45            0             23                  0              21             0              11         0                10        65
   13:00            0             14                  0               7             0               4         0                 9        34
   13:15            0             10                  0               8             0               8         0                11        37
   13:30            0              8                  0               4             0               6         0                 9        27
   13:45            0             12                  0               2             0               2         0                11        27
   14:00            0             16                  0              23             0               5         0                 6        50
   14:15            0             18                  0              11             0              12         0                11        52
   14:30            0             11                  0              11             0               3         0                 5        30
   14:45            0              8                  0              10             0               4         0                11        33
   15:00            0             14                  0              53             0               5         0                 6        78
   15:15            0              5                 20              28             0              10         0                 6        69
   15:30            0             15                  1              25             0              10         0                12        63
   15:45            0             27                  0              15             0              12         0                13        67
   16:00            0             18                  0              13             0               4         0                 3        38
   16:15            0             14                  0              14             0              10         0                 7        45
   16:30            2             24                  0              13             2              13         0                 4        58
   16:45            0             23                  0              18             2              13         0                30        86
   17:00            0             22                  2              27             0              15         0                12        78
   17:15            0             19                  0               7             0               7         0                15        48
   17:30            0             12                  1              12             1               7         0                10        43
   17:45            2             22                  0              11             0              15         0                 7        57
   18:00            0             20                  0              15             0              11         0                12        58
   18:15            2             24                  0              13             0               7         0                 9        55
   18:30            0             21                  0               7             0              11         0                 5        44
   18:45            0             14                  0               8             0              10         0                10        42
   19:00            0             21                  0              15             0              11         0                11        58
Total PM            6             465                24              417            5              234        0                271      1422
                                                           WASA CLEAN RIVERS PROJECT
                                                       BLOOMINGDALE AREA DATA COLLECTION

Location :                   4th Street @ Bryant Street NW                                                  City/Area:     Wahsington D.C.
Date Surveyed:              1/31/2013                                                                       Weather:       45/Sunny
Intersection No.:           2                                                                               Technicians:   JMT

                                                                    Bikes Volumes

End Time             4th Street, NW                   4th Street, NW            Bryant Street, NW   Bryant Street, NW       Total
                    Across North Leg                 Across South Leg           Across East Leg         Across West Leg

     6:15                  0                                 0                         0                  1                   1
     6:30                  0                                 0                         0                  0                   0
     6:45                  0                                 0                         0                  1                   1
     7:00                  0                                 0                         0                  0                   0
     7:15                  0                                 0                         0                  1                   1
     7:30                  0                                 0                         0                  0                   0
     7:45                  0                                 0                         1                  1                   2
     8:00                  0                                 0                         0                  2                   2
     8:15                  1                                 0                         0                  1                   2
     8:30                  0                                 0                         0                  1                   1
     8:45                  2                                 0                         0                  3                   5
     9:00                  0                                 0                         0                  3                   3
     9:15                  2                                 0                         0                  3                   5
     9:30                  1                                 0                         0                  2                   3
     9:45                  1                                 1                         0                  1                   3
   10:00                   0                                 0                         0                  0                   0
   10:15                   1                                 0                         0                  1                   2
   10:30                   0                                 0                         0                  0                   0
   10:45                   0                                 0                         0                  1                   1
   11:00                   0                                 0                         0                  2                   2
   11:15                   0                                 0                         0                  1                   1
   11:30                   0                                 0                         0                  0                   0
   11:45                   0                                 0                         0                  0                   0
   12:00                   1                                 0                         0                  0                   1
Total AM                   9                                 1                         1                  25                 36

   12:15                   1                                 1                         0                  1                   3
   12:30                   0                                 0                         0                  0                   0
   12:45                   0                                 0                         0                  0                   0
   13:00                   0                                 0                         0                  0                   0
   13:15                   0                                 0                         0                  0                   0
   13:30                   0                                 0                         0                  0                   0
   13:45                   1                                 0                         0                  0                   1
   14:00                   0                                 1                         0                  0                   1
   14:15                   0                                 0                         0                  0                   0
   14:30                   0                                 0                         0                  0                   0
   14:45                   1                                 0                         1                  1                   3
   15:00                   1                                 0                         0                  0                   1
   15:15                   0                                 0                         0                  1                   1
   15:30                   0                                 0                         0                  0                   0
   15:45                   0                                 0                         0                  0                   0
   16:00                   0                                 1                         1                  1                   3
   16:15                   0                                 0                         0                  1                   1
   16:30                   0                                 1                         2                  1                   4
   16:45                   0                                 1                         3                  2                   6
   17:00                   0                                 1                         0                  3                   4
   17:15                   0                                 2                         3                  0                   5
   17:30                   0                                 1                         1                  0                   2
   17:45                   2                                 1                         0                  6                   9
   18:00                   0                                 1                         0                  0                   1
   18:15                   1                                 2                         0                  1                   4
   18:30                   0                                 2                         2                  0                   4
   18:45                   0                                 2                         1                  0                   3
   19:00                   0                                 0                         1                  0                   1
Total PM                   7                                 17                        15                 18                 57
Type of peak hour being reported: Intersection Peak                                            Method for determining peak hour: Total Entering Volume
 LOCATION: 4th St -- Bryant St NW                                                                                            QC JOB #: 10863069
 CITY/STATE: Washington, DC                                                                                                  DATE: Sat, Feb 23 2013
                    226             231                         Peak-Hour: 3:30 PM -- 4:30 PM                                 1.8        1.3

                         0   205 21
                                                               Peak 15-Min: 3:30 PM -- 3:45 PM
                                                                                                                              0.0 1.0 9.5


       0     28                           23    58
                                                                                                                 0.0   0.0                      8.7       8.6
             80              0.97          0
                                                                                                                       2.5                      0.0
       152   44                           35   120
                                                                                                                 1.3   0.0                      8.6       5.0

                         0   180 19
                                                                                                                              0.0 0.6 10.5

                    284             199
                                                                                                                              1.8        1.5



                              43                                                                                               0    0    2



                                                                                                                       1                          1

             22                           16                                                                           2                          0

                                                                                                                       0                          0

                              25                                                                                               0    1    0




                             NA                                                                                                     NA




             NA                           NA                                                                           NA                       NA




                             NA                                                                                                     NA



 15-Min Count                    4th St                         4th St                Bryant St NW                Bryant St NW                 Total       Hourly
    Period                   (Northbound)                   (Southbound)              (Eastbound)                 (Westbound)                              Totals
 Beginning At     Left        Thru Right       U     Left    Thru Right    U   Left   Thru Right     U    Left    Thru Right        U
    3:00 PM        0           36       1      0      1       38       0   0     8     12     12     0      8       0       8       0          124
    3:15 PM        0           40       3      0      5       52       0   0     9     14       6    0      6       0     10        0          145
    3:30 PM        0           52       3      0      9       49       0   0     6     21     11     0      7       0       6       0          164
    3:45 PM        0           40       7      0      5       52       0   0     6     21     16     0     12       0       5       0          164              597
    4:00 PM        0           38       3      0      3       57       0   0     8     21       9    0     13       0       8       0          160              633
    4:15 PM        0           50       6      0      4       47       0   0     8     17       8    0      3       0       4       0          147              635
    4:30 PM        0           32       2      0      1       46       0   0    10     11     11     0      6       0       8       0          127              598
    4:45 PM        0           37       2      0      5       44       0   0     7     12       9    0     11       0       7       0          134              568




 Peak 15-Min                     Northbound                     Southbound                Eastbound                   Westbound
   Flowrates      Left       Thru Right     U        Left   Thru Right    U    Left   Thru Right    U     Left    Thru Right    U                      Total
  All Vehicles     0         208     12     0         36    196      0     0    24     84    44     0      28       0    24     0                      656
 Heavy Trucks      0           0      0                4      0      0           0      4      0            8       0     0                             16
  Pedestrians                 20                             44                        16                           0                                   80
    Bicycles       0           0      0               0       0      0          0       1      0           0        0     0                              1
   Railroad
Stopped Buses
 Comments: 3239
Report generated on 4/1/2013 5:28 AM                                       SOURCE: Quality Counts, LLC (http://www.qualitycounts.net) 1-877-580-2212
