                                                                        WASA CLEAN RIVERS PROJECT
                                                                    BLOOMINGDALE AREA DATA COLLECTION
Location :           4th Street @ W Street NW                                                                                                   City/Area:     Wahsington D.C.
Date Surveyed:       1/24/2013                                                                                                                  Weather:       25/Sunny
Intersection No.:    2                                                                                                                          Technicians:   JMT
                                                                                   Total Traffic Volumes

                                                                                                                                                                                  Int.
End Time
                               4th Street, NW                           4th Street, NW                        W Street, NW                          W Street, NW                 Total
                                From North                               From South                             From East                                From West
              Left         Thru       Right U-Turn   Total   Left   Thru     Right U-Turn   Total   Left   Thru   Right U-Turn   Total   Left    Thru  Right U-Turn     Total
      6:15      0           20         17     0        37      0     27        2       0     29      0      0       0      0      0       0       0      0       0       0        66
      6:30      1           29         11     0        41      4     18        1       0     23      0      0       0      0      0       0       0      0       0       0        64
      6:45      0           19         22     0        41      6     18        1       0     25      0      0       0      0      0       0       0      0       0       0        66
      7:00      3           36         24     0        63      5     44        1       0     50      0      0       0      0      0       0       0      0       0       0        113
      7:15      0           45         27     0        72      1     34        3       0     38      0      0       0      0      0       0       0      0       0       0        110
      7:30      1           67         44     0       112     5      32        3       0     40      0      0       0      0      0       0       0      0       0       0        152
      7:45      1           89         45     0       135     8      52        3       0     63      0      0       0      0      0       0       0      0       0       0        198
      8:00      4           87         45     0       136     11     52        3       0     66      0      0       0      0      0       0       0      0       0       0        202
      8:15      4           96         71     0       171     10     59        2       0     71      0      0       0      0      0       0       0      0       0       0        242
      8:30      3           91         74     0       168     12     60        6       0     78      0      0       0      0      0       0       0      0       0       0        246
      8:45      3           105        74     0       182     9      66        1       0     76      0      0       0      0      0       0       0      0       0       0        258
      9:00      1           98         92     0       191     13     51        6       0     70      0      0       0      0      0       0       0      0       0       0        261
      9:15      3           95         68     0       166     13     45        2       0     60      0      0       0      0      0       0       0      0       0       0        226
      9:30      2           86         77     0       165     6      32        3       0     41      0      0       0      0      0       0       0      0       0       0        206
      9:45      1           78         63     0       142     7      49        3       0     59      0      0       0      0      0       0       0      0       0       0        201
     10:00      2           51         55     0       108     8      52        0       0     60      0      0       0      0      0       0       0      0       0       0        168
     10:15      4           42         42     0        88      9     42        3       0     54      0      0       0      0      0       0       0      0       0       0        142
     10:30      4           50         48     0       102     8      44        3       0     55      0      0       0      0      0       0       0      0       0       0        157
     10:45      1           57         31     0        89      6     36        0       0     42      0      0       0      0      0       0       0      0       0       0        131
     11:00      5           44         29     0        78      8     32        2       0     42      0      0       0      0      0       0       0      0       0       0        120
     11:15      1           42         54     0        97     10     32        4       0     46      0      0       0      0      0       0       0      0       0       0        143
     11:30      1           50         41     0        92     11     34        2       0     47      0      0       0      0      0       0       0      0       0       0        139
     11:45      4           53         33     0        90      9     41        1       0     51      0      0       0      0      0       0       0      0       0       0        141
     12:00      0           38         33     0        71      6     43        2       0     51      0      0       0      0      0       0       0      0       0       0        122
Total AM       49          1468       1120    0      2637    185     995      57       0    1237     0      0       0      0      0       0       0      0       0       0       3874
AM Peak
               11          390       311      0      712     44      236    15       0      295      0      0      0      0       0       0        0       0      0       0      1007
  Hour

     12:15      1           56       32       0        89      6      39    4        0       49      0      0      0      0       0       0        0       0      0       0       138
     12:30      4           48       28       0        80      4      38    4        0       46      0      0      0      0       0       0        0       0      0       0      126
     12:45      4           48       44       0        96     18     47     3        0       68      0      0      0      0       0       0        0       0      0       0      164
     13:00      6           58       40       0       104     6      34     0        0       40      0      0      0      0       0       0        0       0      0       0      144
     13:15      0           36       35       0        71     11     38     2        0       51      0      0      0      0       0       0        0       0      0       0      122
     13:30      2           43       33       0        78      4      41    4        0       49      0      0      0      0       0       0        0       0      0       0      127
     13:45      6           49       38       0        93      3      36    0        0       39      0      0      0      0       0       0        0       0      0       0      132
     14:00      1           45       27       0        73      5      44    1        0       50      0      0      0      0       0       0        0       0      0       0      123
     14:15      2           43       38       0        83      7      43    6        0       56      0      0      0      0       0       0        0       0      0       0      139
     14:30      2           45       40       0        87     10     54     2        0       66      0      0      0      0       0       0        0       0      0       0      153
     14:45      5           62       39       0       106     3      57     1        0       61      0      0      0      0       0       0        0       0      0       0      167
     15:00      8           49       45       0       102     5      44     0        0       49      0      0      0      0       0       0        0       0      0       0      151
     15:15      5           64       53       0       122     10     68     1        0       79      0      0      0      0       0       0        0       0      0       0      201
     15:30      2           47       36       0        85      8      67    1        0       76      0      0      0      0       0       0        0       0      0       0      161
     15:45      2           57       43       0       102      8      84    6        0       98      0      0      0      0       0       0        0       0      0       0       200
     16:00      2           74       34       0       110      8      57    3        0       68      0      0      0      0       0       0        0       0      0       0       178
     16:15      4           73       35       0       112      8      74    1        0       83      0      0      0      0       0       0        0       0      0       0       195
     16:30      1           78       38       0       117      6      98    5        0      109      0      0      0      0       0       0        0       0      0       0       226
     16:45      2           71       43       0       116      9     105    3        0      117      0      0      0      0       0       0        0       0      0       0       233
     17:00      1           61       47       0       109      9      69    2        0       80      0      0      0      0       0       0        0       0      0       0       189
     17:15      4           59       32       0        95      5     103    4        0      112      0      0      0      0       0       0        0       0      0       0       207
     17:30      2           54       32       0        88     17     115    0        0      132      0      0      0      0       0       0        0       0      0       0       220
     17:45      4           55       45       0       104      5     102    2        0      109      0      0      0      0       0       0        0       0      0       0       213
     18:00      4           48       52       0       104      6     112    8        0      126      0      0      0      0       0       0        0       0      0       0       230
     18:15      3           53       40       0        96      6      80    3        0       89      0      0      0      0       0       0        0       0      0       0       185
     18:30      2           45       32       0        79      3      97    3        0      103      0      0      0      0       0       0        0       0      0       0       182
     18:45      1           53       35       0        89      5      56    1        0       62      0      0      0      0       0       0        0       0      0       0       151
     19:00      1           39       31       0        71      5      62    3        0       70      0      0      0      0       0       0        0       0      0       0       141
Total PM       81          1513     1067      0      2661    200    1864    73       0      2137     0      0      0      0       0       0        0       0      0       0      4798
PM Peak
               14          216       161      0      391     33      432    14       0      479      0      0      0      0       0       0        0       0      0       0      870
 Hour

 13-Hour
              130          2981     2187      0      5298    385    2859    130      0      3374     0      0      0      0       0       0        0       0      0       0      8672
  Total




       JMT
       72 Loveton Circle
       Sparks MD 21052
                                                                WASA CLEAN RIVERS PROJECT
                                                            BLOOMINGDALE AREA DATA COLLECTION

Location :                   4th Street @ W Street NW                                                                  City/Area:     Wahsington D.C.
Date Surveyed:              1/24/2013                                                                                  Weather:       25/Sunny
Intersection No.:           1                                                                                          Technicians:   JMT

                                                                    Pedestrian Volumes

End Time             4th Street, NW                    4th Street, NW                 W Street, NW               W Street, NW          Total
                  Across North Leg                  Across South Leg                Across East Leg                Across West Leg
               Children           Adults         Children           Adults      Children         Adults   Children           Adults
     6:15          0                1                0                0             0               0        0                 0         1
     6:30          0                1                0                3             0               0        0                 0         4
     6:45          0                1                0                4             0               0        0                 0         5
     7:00          0                0                0                5             0               1        0                 0         6
     7:15          0                2                0                2             0               1        0                 0         5
     7:30          0                1                0                4             0               1        0                 2         8
     7:45          0                0                0                4             0               3        0                 1         8
     8:00          0                4                0                6             0               0        0                 2        12
     8:15          0                2                0                5             0               4        0                 4        15
     8:30          0                3                1                7             0               2        0                 3        16
     8:45          0                5                0                2             0               3        0                 3        13
     9:00          0                0                0                8             0               0        0                 4        12
     9:15          0                7                0                5             0               1        0                 1        14
     9:30          0                3                0                6             0               3        0                 5        17
     9:45          0                2                0                6             0               5        0                 5        18
   10:00           0                6                0                1             0               6        0                 3        16
   10:15           0                5                1                6             0               0        0                 6        18
   10:30           0                5                0                3             0               0        0                 4        12
   10:45           0                3                0                4             0               6        0                 1        14
   11:00           0                2                0                5             0               4        0                10        21
   11:15           0                2                0                2             0               0        0                 9        13
   11:30           0                5                0                6             0               0        0                 5        16
   11:45           0                1                0                3             0               1        0                10        15
   12:00           0                0                0                4             0               2        0                 1         7
Total AM           0               61                2               101            0              43        0                79        286

   12:15            0               3                   1            1             0               0        0                  7        12
   12:30            0               4                   0            2             0               2        0                  4        12
   12:45            0               3                   2            8             0               6        0                  3        22
   13:00            0               2                   2            7             0               6        0                  6        23
   13:15            0               2                   0            2             0               4        0                  4        12
   13:30            0               0                   0            1             0               5        0                  4        10
   13:45            0               0                   0            4             0               2        1                  9        16
   14:00            0               6                   0            3             0               6        0                  8        23
   14:15            0               3                   0            3             0              10        0                  6        22
   14:30            0               3                   0            4             0               6        0                  7        20
   14:45            0               2                   0            5             0               2        0                 11        20
   15:00            0               1                   0            6             0               0        0                  3        10
   15:15            0               6                   0            7             0               1        0                  5        19
   15:30            2               1                   0            4             4               3        0                  3        17
   15:45            0               0                   0           10             0               3        3                  3        19
   16:00            0               2                   0            2             0               0        0                  6        10
   16:15            0               2                   0            8             0               2        2                  7        21
   16:30            0               3                   0            6             2               3        4                  5        23
   16:45            0               0                   0            4             0               2        0                  3         9
   17:00            0              10                   1            8             0               7        6                  8        40
   17:15            2               0                   2            8             0               5        7                  8        32
   17:30            0              10                   0            5             0               4        0                  4        23
   17:45            0               1                   0            4             0               3        0                  2        10
   18:00            0               3                   0            4             0               4        0                  3        14
   18:15            0               2                   0            2             0               2        0                  8        14
   18:30            0               3                   0            5             0               3        0                  4        15
   18:45            0               1                   0            4             0               3        0                  6        14
   19:00            0               5                   0            3             0               6        0                  3        17
Total PM            4              78                   8           130            6              100       23                150       499
                                                            WASA CLEAN RIVERS PROJECT
                                                        BLOOMINGDALE AREA DATA COLLECTION

Location :                   4th Street @ W Street NW                                                     City/Area:     Wahsington D.C.
Date Surveyed:              1/24/2013                                                                     Weather:       25/Sunny
Intersection No.:           1                                                                             Technicians:   JMT

                                                                   Bikes Volumes

End Time             4th Street, NW                  4th Street, NW                 W Street, NW     W Street, NW         Total
                    Across North Leg                Across South Leg               Across East Leg    Across West Leg

     6:15                  0                               0                             0               0                  0
     6:30                  0                               0                             0               0                  0
     6:45                  0                               0                             0               1                  1
     7:00                  0                               0                             0               0                  0
     7:15                  0                               0                             0               0                  0
     7:30                  0                               0                             0               0                  0
     7:45                  0                               0                             1               2                  3
     8:00                  1                               0                             0               0                  1
     8:15                  0                               0                             0               2                  2
     8:30                  0                               0                             0               2                  2
     8:45                  0                               0                             0               1                  1
     9:00                  0                               1                             0               3                  4
     9:15                  0                               0                             0               1                  1
     9:30                  0                               1                             0               2                  3
     9:45                  0                               0                             1               1                  2
   10:00                   0                               0                             1               1                  2
   10:15                   0                               0                             0               0                  0
   10:30                   0                               0                             0               0                  0
   10:45                   0                               0                             0               1                  1
   11:00                   0                               0                             0               0                  0
   11:15                   0                               0                             0               0                  0
   11:30                   0                               0                             0               0                  0
   11:45                   0                               0                             0               0                  0
   12:00                   0                               0                             1               0                  1
Total AM                   1                               2                             4               17                24

   12:15                   0                               0                             0               0                  0
   12:30                   0                               0                             0               1                  1
   12:45                   1                               0                             0               0                  1
   13:00                   0                               0                             0               1                  1
   13:15                   0                               0                             0               0                  0
   13:30                   0                               0                             0               0                  0
   13:45                   0                               0                             0               1                  1
   14:00                   0                               0                             0               0                  0
   14:15                   0                               0                             0               0                  0
   14:30                   0                               0                             0               0                  0
   14:45                   0                               0                             0               0                  0
   15:00                   0                               1                             0               1                  2
   15:15                   0                               1                             1               0                  2
   15:30                   0                               0                             1               0                  1
   15:45                   1                               0                             1               1                  3
   16:00                   0                               0                             0               1                  1
   16:15                   0                               0                             0               0                  0
   16:30                   0                               0                             0               0                  0
   16:45                   0                               0                             2               0                  2
   17:00                   0                               0                             0               2                  2
   17:15                   0                               0                             0               0                  0
   17:30                   1                               0                             2               0                  3
   17:45                   0                               0                             0               0                  0
   18:00                   1                               0                             1               0                  2
   18:15                   0                               0                             2               0                  2
   18:30                   0                               0                             0               1                  1
   18:45                   0                               2                             0               1                  3
   19:00                   0                               0                             1               3                  4
Total PM                   4                               4                             11              13                32
Type of peak hour being reported: Intersection Peak                                          Method for determining peak hour: Total Entering Volume
 LOCATION: 4th St -- W St NW                                                                                               QC JOB #: 10863077
 CITY/STATE: Washington, DC                                                                                                DATE: Sat, Feb 23 2013
                    298          187                           Peak-Hour: 3:15 PM -- 4:15 PM                                1.7        1.1

                       93 194 11
                                                              Peak 15-Min: 3:45 PM -- 4:00 PM
                                                                                                                            0.0 2.1 9.1


       120   0                          0       0
                                                                                                               0.0   0.0                      0.0       0.0
             0            0.97          0
                                                                                                                     0.0                      0.0
       0     0                          0   24
                                                                                                               0.0   0.0                      0.0      12.5

                       27 187 13
                                                                                                                            0.0 1.1 15.4

                    194          227
                                                                                                                            2.1        1.8



                           12                                                                                                0    0    0



                                                                                                                     0                          0

             18                         8                                                                            0                          0

                                                                                                                     0                          0

                           16                                                                                                0    1    1




                          NA                                                                                                      NA




             NA                        NA                                                                            NA                       NA




                          NA                                                                                                      NA



 15-Min Count                 4th St                           4th St                  W St NW                    W St NW                    Total        Hourly
    Period                (Northbound)                     (Southbound)              (Eastbound)                (Westbound)                               Totals
 Beginning At     Left     Thru Right       U       Left    Thru Right    U   Left   Thru Right    U    Left    Thru Right        U
    3:00 PM         3       38       6      0        0       41     16    0    0       0      0    0     0        0      0        0          104
    3:15 PM         8       45       1      0        2       41     26    0    0       0      0    0     0        0      0        0          123
    3:30 PM        11       53       3      0        3       45     19    0    0       0      0    0     0        0      0        0          134
    3:45 PM         3       46       5      0        4       49     29    0    0       0      0    0     0        0      0        0          136              497
    4:00 PM         5       43       4      0        2       59     19    0    0       0      0    0     0        0      0        0          132              525
    4:15 PM         4       55       6      0        4       34     20    0    0       0      0    0     0        0      0        0          123              525
    4:30 PM         5       34       2      0        3       39     20    0    0       0      0    0     0        0      0        0          103              494
    4:45 PM         8       39       3      0        4       35     24    0    0       0      0    0     0        0      0        0          113              471




 Peak 15-Min                  Northbound                       Southbound                Eastbound                  Westbound
   Flowrates      Left    Thru Right     U          Left   Thru Right    U    Left   Thru Right    U    Left    Thru Right    U                      Total
  All Vehicles     12     184     20     0           16    196    116     0    0       0      0    0     0        0     0     0                      544
 Heavy Trucks       0       4      0                  0      0      0          0       0      0          0        0     0                              4
  Pedestrians              20                               36                        16                         24                                   96
    Bicycles       0        0      0                 0       0      0          0       0      0          0        0     0                              0
   Railroad
Stopped Buses
 Comments: 3241
Report generated on 4/1/2013 5:28 AM                                      SOURCE: Quality Counts, LLC (http://www.qualitycounts.net) 1-877-580-2212
