                                                                       WASA CLEAN RIVERS PROJECT
                                                                   BLOOMINGDALE AREA DATA COLLECTION
Location :           Florida Ave at 3rd St NW                                                                                                   City/Area:      Wahsington D.C.
Date Surveyed:       1/29/2013                                                                                                                  Weather:        25/Sunny
Intersection No.:                                                                                                                               Technicians:    RJM
                                                                                 Total Traffic Volumes

                                                                                                                                                                                   Int.
End Time
                                   N/A                                3rd Street NW                          Florida Ave NW                          Florida Ave NW               Total
                                From North                              From South                              From East                                   From West
              Left         Thru     Right U-Turn    Total   Left   Thru    Right U-Turn   Total   Left   Thru     Right U-Turn   Total   Left    Thru     Right U-Turn   Total
       6:15    0            0         0     0        0       2      0        2      0      4       2       95        0      0      97     0        43        1      0      44     145
       6:30    0            0         0     0        0       1      0        1      0      2       1      107        0      0     108     0        61        0      0      61     171
       6:45    0            0         0     0        0       2      0        5      0      7       8      120        0      0     128     0        79        2      0      81     216
       7:00    0            0         0     0        0       1      0        3      0      4       13     145        0      0     158     0        84        2      0      86     248
       7:15    0            0         0     0        0       2      0        0      0      2       9      145        0      0     154     0       105        1      0     106     262
       7:30    0            0         0     0        0       1      0        9      0      10      18     165        0      0     183     0       118        6      0     124     317
       7:45    0            0         0     0        0       2      0        4      0      6       20     182        0      0     202     0       116        5      0     121     329
       8:00    0            0         0     0        0       2      0       10      0      12      26     200        0      0     226     0       140        4      0     144     382
       8:15    0            0         0     0        0       1      0        5      0      6       23     174        0      0     197     0       134        3      0     137     340
       8:30    0            0         0     0        0       6      0        8      0      14      27     179        0      0     206     0       146        5      0     151     371
       8:45    0            0         0     0        0       4      0        5      0      9       26     164        0      0     190     0       177        5      0     182     381
       9:00    0            0         0     0        0       2      0        7      0      9       20     181        0      0     201     0       126        2      0     128     338
       9:15    0            0         0     0        0       0      0        6      0      6       13     167        0      0     180     0       120        1      0     121     307
       9:30    0            0         0     0        0       1      0        1      0      2       8      153        0      0     161     0       131        3      0     134     297
       9:45    0            0         0     0        0       1      0        2      0      3       12     166        0      0     178     0       119        6      0     125     306
      10:00    0            0         0     0        0       1      0        3      0      4       8      159        0      0     167     0       117        3      0     120     291
      10:15    0            0         0     0        0       2      0        2      0      4       6      173        0      0     179     0       119        3      0     122     305
      10:30    0            0         0     0        0       2      0        7      0      9       4      142        0      0     146     0        96        3      0      99     254
      10:45    0            0         0     0        0       2      0        2      0      4       1      164        0      0     165     0       110        0      0     110     279
      11:00    0            0         0     0        0       2      0        1      0      3       4      143        0      0     147     0       116        3      0     119     269
      11:15    0            0         0     0        0       3      0        5      0      8       1      133        0      0     134     0       120        2      0     122     264
      11:30    0            0         0     0        0       6      0        8      0      14       1     140        0      0     141     0       136        2      0     138     293
      11:45    0            0         0     0        0       1      0        5      0      6       2      129        0      0     131     0       128        3      0     131     268
      12:00    0            0         0     0        0       2      0        2      0      4       4      137        0      0     141     0       112        2      0     114     259
Total AM        0           0        0          0    0      49      0      103     0      152     257    3663     0       0      3920     0      2753      67      0     2820     6892
 AM Peak
                0           0        0          0    0      13      0      28      0       41     102    717      0       0      819      0       597      17      0      614     1474
  Hour

      12:15     0           0        0          0    0       1      0      2       0       3       4     148      0       0      152      0        89      3       0       92     247
      12:30     0           0        0          0    0       5      0      6       0       11       8    127      0       0      135      0       124      1       0      125     271
      12:45     0           0        0          0    0       0      0      2       0       2       9     121      0       0      130      0       110      2       0      112     244
      13:00     0           0        0          0    0       1      0      7       0       8       3     145      0       0      148      0       137      0       0      137     293
      13:15     0           0        0          0    0       4      0      1       0       5       5     145      0       0      150      0       140      0       0      140     295
      13:30     0           0        0          0    0       2      0      2       0       4       2     124      0       0      126      0       113      3       0      116     246
      13:45     0           0        0          0    0       1      0      8       0       9       2     138      0       0      140      0       124      2       0      126     275
      14:00     0           0        0          0    0       6      0      3       0       9       13    134      0       0      147      0       165      2       0      167     323
      14:15     0           0        0          0    0       3      0      11      0       14       7    122      0       0      129      0       131      5       0      136     279
      14:30     0           0        0          0    0       5      0      6       0       11       8    131      0       0      139      0       140      0       0      140     290
      14:45     0           0        0          0    0       5      0      3       0       8       7     146      0       0      153      0       147      2       0      149     310
      15:00     0           0        0          0    0       2      0      4       0       6       14    139      0       0      153      0       134      3       0      137     296
      15:15     0           0        0          0    0       7      0      7       0       14      12    127      0       0      139      0       128      3       0      131     284
      15:30     0           0        0          0    0       3      0      6       0       9       3     112      0       0      115      0       161      2       0      163     287
      15:45     0           0        0          0    0       6      0      3       0       9       12    134      0       0      146      0       151      5       0      156     311
      16:00     0           0        0          0    0       5      0      1       0       6       8     155      0       0      163      0       160      7       0      167     336
      16:15     0           0        0          0    0       1      0      10      0       11      16    146      0       0      162      0       149      0       0      149     322
      16:30     0           0        0          0    0       4      0      15      0       19      12    142      0       0      154      0       159      2       0      161     334
      16:45     0           0        0          0    0       7      0      10      0       17      11    118      0       0      129      0       176      2       0      178     324
      17:00     0           0        0          0    0       2      0       6      0        8       7    123      0       0      130      0       194      5       0      199     337
      17:15     0           0        0          0    0       5      0       9      0       14       8    102      0       0      110      0       164      5       0      169     293
      17:30     0           0        0          0    0       6      0       8      0       14       8    122      0       0      130      0       199      2       0      201     345
      17:45     0           0        0          0    0       4      0       7      0       11      11    117      0       0      128      0       161      3       0      164     303
      18:00     0           0        0          0    0       6      0       8      0       14       5    125      0       0      130      0       195      4       0      199     343
      18:15     0           0        0          0    0       4      0       2      0        6       8    144      0       0      152      0       150      7       0      157     315
      18:30     0           0        0          0    0       6      0       5      0       11      10    135      0       0      145      0       158      3       0      161     317
      18:45     0           0        0          0    0       2      0       8      0       10       6    132      0       0      138      0       136      5       0      141     289
      19:00     0           0        0          0    0       4      0       5      0        9       3    137      0       0      140      0       118      2       0      120     269
Total PM        0           0        0          0    0      107     0      165     0      272     222    3691     0       0      3913     0      4113      80      0     4193     8378
 PM Peak
                0           0        0          0    0      14      0      41      0       55      46    529      0       0      575      0       678      9       0      687     1317
  Hour

 13-Hour
                0           0        0          0    0      156     0      268     0      424     479    7354     0       0      7833     0      6866     147      0     7013     15270
  Total




       JMT
       72 Loveton Circle
       Sparks MD 21052
                                                             WASA CLEAN RIVERS PROJECT
                                                         BLOOMINGDALE AREA DATA COLLECTION

Location :                Florida Ave at 3rd St NW                                                               City/Area:     Wahsington D.C.
Date Surveyed:            1/29/2013                                                                              Weather:       25/Sunny
Intersection No.:                                                                                                Technicians:   RJM

                                                                Pedestrian Volumes

End Time                N/A                         3rd Street NW               Florida Ave NW            Florida Ave NW         Total
                  Across North Leg                Across South Leg              Across East Leg               Across West Leg
               Children       Adults           Children         Adults      Children        Adults   Children          Adults
     6:15          0             0                0               0            0               0        0                 1        1
     6:30          0             0                0               2            0               0        0                 0        2
     6:45          0             0                0               5            0               2        0                 2        9
     7:00          0             0                0               4            0               0        0                 2        6
     7:15          0             0                0               5            0               1        0                 1        7
     7:30          0             0                0               5            0               1        0                 6       12
     7:45         0              0                0               3            0               5        0                 5       13
     8:00         0              0                0               4            0               3        0                 4       11
     8:15         0              0                0               4            0               5        0                 3       12
     8:30         0              0                0               9            0               2        0                 5       16
     8:45         0              0                0               6            0               2        0                 5       13
     9:00         0              0                0               2            0               2        0                 2        6
     9:15         0              0                0               7            0               5        0                 1       13
     9:30         0              0                0               3            0               4        0                 3       10
     9:45         0              0                0               7            0               0        0                 6       13
   10:00          0              0                0               5            0               2        0                 3       10
   10:15          0              0                0               5            0               2        0                 3       10
   10:30          0              0                0              10            0               8        0                 3       21
   10:45          0              0                0               1            0               0        0                 0        1
   11:00          0              0                0               5            0               2        0                 3       10
   11:15          0              0                0               2            0               6        0                 2       10
   11:30          0              0                0               2            0               2        0                 2        6
   11:45          0              0                0               5            0               8        0                 3       16
   12:00          0              0                0               9            0               0        0                 2       11
Total AM           0             0                0              110           0              62        0                67       239

   12:15            0            0                   0            5            0              1         0                0         6
   12:30            0            0                   0            9            0              2         0                3        14
   12:45            0            0                   0            9            0              2         0                5        16
   13:00            0            0                   0            5            0              0         0                2         7
   13:15            0            0                   0            2            0              1         0                1         4
   13:30            0            0                   0           11            0              4         0                3        18
   13:45            0            0                   0            6            0              2         0                0         8
   14:00            0            0                   0            3            0              1         0                1         5
   14:15            0            0                   0            7            0              1         0                3        11
   14:30            0            0                   0            5            0              5         0                2        12
   14:45            0            0                   0            1            0              0         0                0         1
   15:00            0            0                   0            5            0              0         0                1         6
   15:15            0            0                   0            4            0              4         0                3        11
   15:30            0            0                   0            4            0              4         0                2        10
   15:45            0            0                   0            2            0              2         0                1         5
   16:00            0            0                   0            7            0              2         0                6        15
   16:15            0            0                   0            7            0              2         0                0         9
   16:30            0            0                   0           10            0              5         0                2        17
   16:45            0            0                   0            6            0              1         0                2         9
   17:00            0            0                   0            9            0              8         0                6        23
   17:15            0            0                   0            0            0              0         0                0         0
   17:30            0            0                   0            6            0              6         0                3        15
   17:45            0            0                   0           17            0              3         0                3        23
   18:00            0            0                   0            9            0             10         0                5        24
   18:15            0            0                   0           12            0              1         0                4        17
   18:30            0            0                   0           10            0              5         0                3        18
   18:45            0            0                   0            4            0              3         0                3        10
   19:00            0            0                   0            6            0              4         0                6        16
Total PM            0            0                   0           181           0             79         0               70        330
                                                            WASA CLEAN RIVERS PROJECT
                                                        BLOOMINGDALE AREA DATA COLLECTION

Location :                  Florida Ave at 3rd St NW                                                           City/Area:     Wahsington D.C.
Date Surveyed:              1/29/2013                                                                          Weather:       25/Sunny
Intersection No.:                                                                                              Technicians:   RJM

                                                                      Bikes Volumes

End Time                  N/A                           3rd Street NW                 Florida Ave NW    Florida Ave NW         Total
                    Across North Leg                   Across South Leg               Across East Leg      Across West Leg

     6:15                  0                                 0                              0                 0                  0
     6:30                  0                                 0                              0                 0                  0
     6:45                  0                                 0                              0                 0                  0
     7:00                  0                                 2                              0                 0                  2
     7:15                  0                                 0                              0                 0                  0
     7:30                  0                                 3                              0                 0                  3
     7:45                  0                                 0                              1                 0                  1
     8:00                  0                                 4                              0                 0                  4
     8:15                  0                                 0                              1                 0                  1
     8:30                  0                                 3                              0                 0                  3
     8:45                  0                                 3                              1                 0                  4
     9:00                  0                                 6                              0                 0                  6
     9:15                  0                                 0                              0                 0                  0
     9:30                  0                                 1                              0                 0                  1
     9:45                  0                                 1                              0                 2                  3
   10:00                   0                                 0                              0                 1                  1
   10:15                   0                                 0                              0                 0                  0
   10:30                   0                                 0                              0                 0                  0
   10:45                   0                                 1                              1                 0                  2
   11:00                   0                                 0                              0                 0                  0
   11:15                   0                                 1                              1                 0                  2
   11:30                   0                                 3                              0                 0                  3
   11:45                   0                                 2                              0                 0                  2
   12:00                   0                                 0                              1                 1                  2
Total AM                   0                                 30                             6                 4                 40

   12:15                   0                                 0                              1                0                   1
   12:30                   0                                 4                              0                0                   4
   12:45                   0                                 0                              0                0                   0
   13:00                   0                                 1                              1                1                   3
   13:15                   0                                 2                              0                2                   4
   13:30                   0                                 3                              0                0                   3
   13:45                   0                                 0                              0                2                   2
   14:00                   0                                 3                              0                1                   4
   14:15                   0                                 1                              0                0                   1
   14:30                   0                                 3                              1                4                   8
   14:45                   0                                 0                              0                0                   0
   15:00                   0                                 0                              0                1                   1
   15:15                   0                                 0                              0                0                   0
   15:30                   0                                 1                              1                1                   3
   15:45                   0                                 2                              1                3                   6
   16:00                   0                                 0                              1                0                   1
   16:15                   0                                 1                              0                0                   1
   16:30                   0                                 2                              0                1                   3
   16:45                   0                                 4                              0                0                   4
   17:00                   0                                 4                              0                4                   8
   17:15                   0                                 0                              1                1                   2
   17:30                   0                                 3                              1                3                   7
   17:45                   0                                 4                              4                3                  11
   18:00                   0                                 3                              0                3                   6
   18:15                   0                                 3                              0                1                   4
   18:30                   0                                 5                              0                3                   8
   18:45                   0                                 1                              1                1                   3
   19:00                   0                                 1                              1                1                   3
Total PM                   0                                 51                             14               36                 101
