                                                                        WASA CLEAN RIVERS PROJECT
                                                                    BLOOMINGDALE AREA DATA COLLECTION
Location :           1st Street @ Bryant Street NW                                                                                              City/Area:      Wahsington D.C.
Date Surveyed:       1/24/2013                                                                                                                  Weather:        25/Sunny
Intersection No.:    2                                                                                                                          Technicians:    JMT
                                                                                   Total Traffic Volumes

                                                                                                                                                                                   Int.
End Time
                               1st Street, NW                           1st Street, NW                      Bryant Street, NW                      Bryant Street, NW              Total
                                From North                               From South                             From East                                  From West
              Left         Thru       Right U-Turn   Total   Left   Thru     Right U-Turn   Total   Left   Thru   Right U-Turn   Total   Left    Thru   Right U-Turn     Total
       6:15     1           11          8     0       20      0      19        1       0     20      0      0       0        0    0       5       2        0        0     7       47
       6:30     6            4           3    0        13     0      48         1      0     49      0      0       0        0    0        7       1       0        0     8       70
       6:45     4           11          7     0       22      0      61        1       0     62      0      0       0        0    0       5       2        1        0     8       92
       7:00     3           15          10    0        28     2      52         5      0     59      0      0       0        0    0        4       3       0        0     7       94
       7:15     3           20          22    0        45     2      44        10      0     56      0      0       0        0    0        2      11       3        0     16      117
       7:30     4           22          18    0        44     2      34         3      0     39      0      0       0        0    0        3      12       2        0     17      100
       7:45     9           40          15    0        64     1      62         3      0     66      0      0       0        0    0        4       5       2        0     11      141
       8:00     6           50          44    0       100     2      52        8       0     62      0      0       0        0    0       10      16       5        0     31      193
       8:15     6           49          39    0        94     5      57        10      0     72      0      0       0        0    0        8      15       2        0     25      191
       8:30     8           42          41    0        91     2      56        13      0     71      0      0       0        0    0        6      23       5        0     34      196
       8:45     4           49          37    0        90     2      51         7      0     60      0      0       0        0    0        8      21       2        0     31      181
       9:00     5           49          33    0        87     2      45        11      0     58      0      0       0        0    0        3      18       1        0     22      167
       9:15     9           50          35    0        94     1      40         5      0     46      0      0       0        0    0        4      15       1        0     20      160
       9:30     8           52          25    0        85     2      35         4      0     41      0      0       0        0    0        4      18       5        0     27      153
       9:45     2           38          31    0        71     1      47         7      0     55      0      0       0        0    0        5      15       3        0     23      149
      10:00     4           30          33    0        67     1      41         8      0     50      0      0       0        0    0       10      14       1        0     25      142
      10:15     3           34          19    0        56     3      43         3      0     49      0      0       0        0    0        2       7       1        0     10      115
      10:30     5           36          18    0        59     3      31         3      0     37      0      0       0        0    0        4      12       2        0     18      114
      10:45    10           37          15    0        62     0      28        10      0     38      0      0       0        0    0        5      12       0        0     17      117
      11:00     5           29          18    0        52     0      29         4      0     33      0      0       0        0    0        0       5       1        0     6       91
      11:15     2           48          17    0        67     0      32         5      0     37      0      0       0        0    0        4      10       1        0     15      119
      11:30     5           42          19    0        66     0      34         2      0     36      0      0       0        0    0        8      11       3        0     22      124
      11:45     8           45          17    0        70     1      28         5      0     34      0      0       0        0    0        7      14       0        0     21      125
      12:00     9           48          12    0        69     1      28         5      0     34      0      0       0        0    0        4      12       2        0     18      121
Total AM      129          851       536      0      1516    33      997    134      0      1164     0      0      0      0       0      122      274      43      0      439     3119
 AM Peak
               24          190       161      0      375     11      216    38       0      265      0      0      0      0       0      32       75       14      0      121     761
  Hour

      12:15     7           49       19       0      75       2      28      1       0       31      0      0      0      0       0      5        19       0       0      24      130
      12:30     3           48       12       0      63       1      17      4       0       22      0      0      0      0       0      2        17       3       0      22      107
      12:45     8           42       9        0      59       2      38     7        0       47      0      0      0      0       0      4        14       0       0      18      124
      13:00     6           34       19       0      59       0      38      2       0       40      0      0      0      0       0      1        17       4       0      22      121
      13:15     6           46       11       0      63       0      31      9       0       40      0      0      0      0       0      4        16       3       0      23      126
      13:30    11           44       20       0      75       1      25      4       0       30      0      0      0      0       0      4        16       0       0      20      125
      13:45     8           34       16       0      58       3      40      8       0       51      0      0      0      0       0      5        18       2       0      25      134
      14:00     7           49       19       0      75       4      31      9       0       44      0      0      0      0       0      5        20       0       0      25      144
      14:15    12           49       11       0      72       0      34      5       0       39      0      0      0      0       0      6        13       1       0      20      131
      14:30     4           51       6        0      61       0      45     8        0       53      0      0      0      0       0      5        20       3       0      28      142
      14:45     9           66       19       0      94       0      44     16       0       60      0      0      0      0       0      9        21       0       0      30      184
      15:00    12           53       14       0      79       1      41      5       0       47      0      0      0      0       0      3        30       6       0      39      165
      15:15    16           57       20       0      93       1      43     12       0       56      0      0      0      0       0      6        37       3       0      46      195
      15:30    10           65       21       0      96       0      33     13       0       46      0      0      0      0       0      3        38       2       0      43      185
      15:45    17           80       21       0      118      1      38      9       0       48      0      0      0      0       0      8        29       2       0      39      205
      16:00    25           63       20       0      108      0      31     23       0       54      0      0      0      0       0      8        36       4       0      48      210
      16:15    14           80       27       0      121      3      26     10       0       39      0      0      0      0       0      3        33       3       0      39      199
      16:30    18           71       33       0      122      0      42     23       0       65      0      0      0      0       0      12       48       1       0      61      248
      16:45    14           60       31       0      105      2      39     17       0       58      0      0      0      0       0      7        42       3       0      52      215
      17:00    27           84       19       0      130      1      46     18       0       65      0      0      0      0       0      6        49       4       0      59      254
      17:15    16           59       20       0       95      1      40     13       0       54      0      0      0      0       0       8       52       3       0      63      212
      17:30    17           70       17       0      104      3      36     15       0       54      0      0      0      0       0      7        49       5       0      61      219
      17:45    10           69       10       0       89      1      46     22       0       69      0      0      0      0       0       5       46       1       0      52      210
      18:00     9           55       19       0       83      1      29     18       0       48      0      0      0      0       0      10       47       3       0      60      191
      18:15    15           59        7       0      81       4      26     17       0       47      0      0      0      0       0      9        46       2       0      57      185
      18:30    10           56       10       0       76      0      55     21       0       76      0      0      0      0       0       5       39       3       0      47      199
      18:45     5           32       14       0       51      1      50     17       0       68      0      0      0      0       0       6       32       2       0      40      159
      19:00     3           46       20       0       69      2      33     13       0       48      0      0      0      0       0       5       27       1       0      33      150
Total PM      319          1571      484      0      2374    35     1025    339      0      1399     0      0      0      0       0      161      871      64      0     1096     4869
 PM Peak
               75          274       103      0      452      4      167    71       0      242      0      0      0      0       0      33       191      11      0      235     929
  Hour

 13-Hour
              448          2422     1020      0      3890    68     2022    473      0      2563     0      0      0      0       0      283     1145     107      0     1535     7988
  Total




       JMT
       72 Loveton Circle
       Sparks MD 21052
                                                              WASA CLEAN RIVERS PROJECT
                                                          BLOOMINGDALE AREA DATA COLLECTION

Location :                   1st Street @ Bryant Street NW                                                              City/Area:     Wahsington D.C.
Date Surveyed:              1/24/2013                                                                                   Weather:       25/Sunny
Intersection No.:           1                                                                                           Technicians:   JMT

                                                                     Pedestrian Volumes

End Time             1st Street, NW                     1st Street, NW              Bryant Street, NW          Bryant Street, NW        Total
                  Across North Leg                   Across South Leg                Across East Leg                Across West Leg
               Children           Adults          Children           Adults      Children         Adults   Children           Adults
     6:15          0                1                 0                1             0               1        0                  1        4
     6:30          0                0                 0                0             0               0        0                  0        0
     6:45          0                1                 0                1             0               1        0                  4        7
     7:00          0                0                 0                2             0               0        0                  3        5
     7:15          0                2                 0                1             0               1        0                  1        5
     7:30          0                1                 0                1             0               0        0                  2        4
     7:45          0                1                 0                4             0               5        0                  1       11
     8:00          0                2                 0                5             0               3        0                  5       15
     8:15          0                5                 0                1             0               0        0                  5       11
     8:30          0                4                 0                8             0               6        0                  1       19
     8:45          0                2                 0                5             0               5        0                  0       12
     9:00          0                2                 0                7             0               1        0                  0       10
     9:15          0                2                 0                3             0               2        0                  0        7
     9:30          0                3                 0                3             0               0        0                  2        8
     9:45          0                3                 0                1             0               1        0                  0        5
   10:00           0                3                 0                0             0               1        0                  2        6
   10:15           0                2                 0                1             0               3        0                  3        9
   10:30           0                1                 0                1             0               2        0                  1        5
   10:45           0                2                 0                2             0               2        0                  3        9
   11:00           0                2                 0                2             0               0        0                  2        6
   11:15           0                2                 0                1             0               1        0                  1        5
   11:30           0                2                 0                1             0               0        0                  1        4
   11:45           0                2                 0                1             0               2        0                  1        6
   12:00           0                2                 0                2             0               1        0                  0        5
Total AM           0               47                 0               54             0              38        0                 39       178

   12:15            0               3                 0                0            0               1         0                  1        5
   12:30            0               1                 0                0            0               1         0                  1        3
   12:45            0               2                 0                3            0               0         0                  3        8
   13:00            0               1                 0                2            0               1         0                  2        6
   13:15            0               2                 0                0            0               1         0                  1        4
   13:30            0               0                 0                1            0               3         0                  1        5
   13:45            0               0                 0                3            0               6         0                  0        9
   14:00            0               1                 0                6            0               0         0                  1        8
   14:15            0               1                 0                2            0               1         0                  2        6
   14:30            0               2                 0                2            0               0         0                  0        4
   14:45            0               0                 0                2            0               0         0                  0        2
   15:00            0               3                 0                0            0               2         0                  0        5
   15:15            0               0                 0                0            0               1         0                  1        2
   15:30            0               3                 0                0            0               0         0                  2        5
   15:45            0               7                 0                1            0               1         0                  1       10
   16:00            0               2                 0                2            0               0         0                  2        6
   16:15            0               2                 0                2            0               0         0                  3        7
   16:30            0               0                 0                2            0               3         0                  2        7
   16:45            0               0                 0                2            0               1         0                  3        6
   17:00            0               3                 0                1            0               0         0                  4        8
   17:15            0               2                 0                3            0               0         0                  1        6
   17:30            0               4                 0                2            0               1         0                  1        8
   17:45            0               1                 0                1            0               0         0                  2        4
   18:00            0               1                 0                1            0               1         0                  3        6
   18:15            0               2                 0                4            0               3         0                  5       14
   18:30            0               3                 0                4            0               2         0                  0        9
   18:45            0               0                 0                0            0               2         0                  1        3
   19:00            0               4                 0                2            0               2         0                  6       14
Total PM            0              50                 0               48            0              33         0                 49       180
                                                           WASA CLEAN RIVERS PROJECT
                                                       BLOOMINGDALE AREA DATA COLLECTION

Location :                   1st Street @ Bryant Street NW                                                  City/Area:     Wahsington D.C.
Date Surveyed:              1/24/2013                                                                       Weather:       25/Sunny
Intersection No.:           1                                                                               Technicians:   JMT

                                                                    Bikes Volumes

End Time             1st Street, NW                   1st Street, NW            Bryant Street, NW   Bryant Street, NW       Total
                    Across North Leg                 Across South Leg           Across East Leg         Across West Leg

     6:15                  0                                 0                         0                   0                  0
     6:30                  0                                 0                         0                   0                  0
     6:45                  0                                 0                         0                   0                  0
     7:00                  0                                 0                         0                   0                  0
     7:15                  0                                 0                         0                   0                  0
     7:30                  0                                 0                         1                   0                  1
     7:45                  0                                 0                         0                   0                  0
     8:00                  0                                 0                         0                   0                  0
     8:15                  0                                 0                         0                   0                  0
     8:30                  0                                 0                         0                   0                  0
     8:45                  0                                 0                         0                   0                  0
     9:00                  0                                 0                         0                   0                  0
     9:15                  0                                 0                         0                   0                  0
     9:30                  0                                 0                         0                   0                  0
     9:45                  0                                 0                         0                   0                  0
   10:00                   0                                 0                         0                   0                  0
   10:15                   0                                 0                         0                   0                  0
   10:30                   0                                 0                         0                   0                  0
   10:45                   0                                 0                         0                   0                  0
   11:00                   0                                 0                         0                   0                  0
   11:15                   0                                 0                         0                   0                  0
   11:30                   0                                 0                         0                   0                  0
   11:45                   0                                 0                         0                   0                  0
   12:00                   1                                 0                         0                   0                  1
Total AM                   1                                 0                         1                   0                  2

   12:15                   0                                 0                         0                   0                  0
   12:30                   0                                 0                         0                   0                  0
   12:45                   0                                 0                         0                   0                  0
   13:00                   0                                 0                         0                   0                  0
   13:15                   0                                 0                         0                   0                  0
   13:30                   0                                 0                         1                   0                  1
   13:45                   0                                 0                         0                   0                  0
   14:00                   0                                 0                         0                   0                  0
   14:15                   0                                 0                         0                   0                  0
   14:30                   0                                 0                         0                   0                  0
   14:45                   0                                 0                         0                   0                  0
   15:00                   0                                 0                         0                   0                  0
   15:15                   0                                 0                         0                   0                  0
   15:30                   0                                 0                         0                   0                  0
   15:45                   0                                 0                         0                   0                  0
   16:00                   0                                 0                         0                   0                  0
   16:15                   0                                 0                         0                   0                  0
   16:30                   0                                 0                         0                   0                  0
   16:45                   0                                 1                         0                   0                  1
   17:00                   0                                 0                         0                   0                  0
   17:15                   0                                 0                         0                   0                  0
   17:30                   0                                 0                         0                   0                  0
   17:45                   0                                 0                         0                   0                  0
   18:00                   0                                 0                         0                   0                  0
   18:15                   0                                 0                         0                   0                  0
   18:30                   0                                 0                         0                   0                  0
   18:45                   0                                 0                         0                   0                  0
   19:00                   0                                 0                         0                   0                  0
Total PM                   0                                 1                         1                   0                  2
Type of peak hour being reported: Intersection Peak                                              Method for determining peak hour: Total Entering Volume
 LOCATION: 1st St -- Bryant St NW                                                                                              QC JOB #: 10862983
 CITY/STATE: Washington, DC                                                                                                    DATE: Sat, Feb 02 2013
                    226             84                            Peak-Hour: 3:15 PM -- 4:15 PM                                 1.3        1.2

                       38 152 36
                                                                 Peak 15-Min: 3:15 PM -- 3:30 PM
                                                                                                                                0.0 2.0 0.0


       44    10                            0       0
                                                                                                                   0.0   0.0                      0.0       0.0
             63              0.96          0
                                                                                                                         1.6                      0.0
       86    13                            0   140
                                                                                                                   1.2   0.0                      0.0       0.7

                         6    74    41
                                                                                                                                0.0 1.4 0.0

                    165             121
                                                                                                                                1.8        0.8



                              6                                                                                                  0    2    0



                                                                                                                         0                          0

             5                            10                                                                             0                          0

                                                                                                                         1                          0

                              7                                                                                                  0    0    0




                             NA                                                                                                       NA




             NA                           NA                                                                             NA                       NA




                             NA                                                                                                       NA



 15-Min Count                    1st St                           1st St                Bryant St NW                Bryant St NW                 Total       Hourly
    Period                   (Northbound)                     (Southbound)              (Eastbound)                 (Westbound)                              Totals
 Beginning At     Left        Thru Right       U       Left    Thru Right    U   Left   Thru Right     U    Left    Thru Right        U
    3:00 PM        1           28       7      0         6      20     12    0    2      26       2    0     0        0       0       0          104
    3:15 PM        1           18     11       0         6      40     16    0    3      13       5    0     0        0       0       0          113
    3:30 PM        3           17     11       0        13      40       8   0    1      12       2    0     0        0       0       0          107
    3:45 PM        1           17       7      0        15      35       7   0    3      15       3    0     0        0       0       0          103              427
    4:00 PM        1           22     12       0         2      37       7   0    3      23       3    0     0        0       0       0          110              433
    4:15 PM        2           12       8      1         6      23       9   0    4       9       3    0     0        0       0       0           77              397
    4:30 PM        2           23     13       0        10      36     11    0    2      21       5    0     0        0       0       0          123              413
    4:45 PM        1           20       6      0         4      23       8   0    3      17       2    0     0        0       0       0           84              394




 Peak 15-Min                     Northbound                       Southbound                Eastbound                   Westbound
   Flowrates      Left       Thru Right     U          Left   Thru Right    U    Left   Thru Right    U     Left    Thru Right    U                      Total
  All Vehicles     4          72     44     0           24    160     64     0    12     52    20     0      0        0     0     0                      452
 Heavy Trucks      0           0      0                  0      8      0           0      0      0           0        0     0                             8
  Pedestrians                  0                                0                         4                           4                                   8
    Bicycles       0           0      0                 0       0      0          0       0      0           0        0     0                             0
   Railroad
Stopped Buses
 Comments: 5001
Report generated on 3/27/2013 8:54 AM                                        SOURCE: Quality Counts, LLC (http://www.qualitycounts.net) 1-877-580-2212
