                                                                     WASA CLEAN RIVERS PROJECT
                                                                 BLOOMINGDALE AREA DATA COLLECTION
Location :           1st Street @ Irving Ave NW                                                                                               City/Area:       Wahsington D.C.
Date Surveyed:       1/24/2013                                                                                                                Weather:         25/Sunny
Intersection No.:    2                                                                                                                        Technicians:     JMT
                                                                               Total Traffic Volumes

End Time                    1st Street, NW                          1st Street, NW                          Irving Ave, NW                         Irving Ave, NW                Int. Total
                              From North                              From South                               From East                                   From West
              Left       Thru      Right U-Turn   Total   Left   Thru    Right U-Turn   Total   Left   Thru     Right U-Turn   Total   Left    Thru     Right U-Turn    Total
       6:15    0          0          0     0       0       5      0        15      0      20     54     43        0       0     97      0       24        36      0      60         177
       6:30    0          0          0     0       0       1      0        18      0      19    111     60        0       0     171     0        24       45      0       69        259
       6:45    0          0          0     0       0       10     0        16      0      26    125      75       0       1     201     0        39       70      0      109        336
       7:00    0          0          0     0       0       4      0        37      0      41    215     104       0       0     319     0        55      105      0      160        520
       7:15    0          0          0     0       0       3      0        45      0      48    143     129       0       0     272     0        41       72      0      113        433
       7:30    0          0          0     0       0       13     0        43      0      56    127     162       0       0     289     0        81       79      0      160        505
       7:45    0          0          0     0       0       15     0        67      1      83    134     226       0       0     360     0       107       71      0      178        621
       8:00    0          0          0     0       0       7      0        92      1     100    136     267       0       0     403     0        97       98      0      195        698
       8:15    0          0          0     0       0       12     0        89      0     101    124     284       0       0     408     0       161       87      0      248        757
       8:30    0          0          0     0       0       11     0        55      0      66    148     260       0       1     409     0       159       65      0      224        699
       8:45    0          0          0     0       0       10     0        59      2      71    116     310       0       0     426     0       115       68      0      183        680
       9:00    0          0          0     0       0       6      0        57      0      63    136     242       0       1     379     0       149       57      0      206        648
       9:15    0          0          0     0       0       10     0        47      0      57    116     167       0       0     283     0       121       70      0      191        531
       9:30    0          0          0     0       0       21     0        41      0      62    103     183       0       1     287     0       112       55      0      167        516
       9:45    0          0          0     0       0       21     0        39      1      61     96     156       0       0     252     0        89       55      0      144        457
      10:00    0          0          0     0       0       11     0        43      0      54     83     171       0       0     254     0       108       53      0      161        469
      10:15    0          0          0     0       0       13     0        71      0      84    108     143       0       0     251     0        78       49      0      127        462
      10:30    0          0          0     0       0       18     0        63      0      81     82     124       0       1     207     0        87       35      0      122        410
      10:45    0          0          0     0       0       12     0        69      1      82     91     130       0       0     221     0        82       48      0      130        433
      11:00    0          0          0     0       0       14     0        60      0      74     86     108       0       1     195     0        66       56      0      122        391
      11:15    0          0          0     0       0       17     0        80      0      97     89      99       0       2     190     0        74       45      0      119        406
      11:30    0          0          0     0       0       18     0        81      1     100     79      87       0       0     166     0        89       31      1      121        387
      11:45    0          0          0     0       0       23     0        80      0     103     77      97       0       2     176     0        80       53      0      133        412
      12:00    0          0          0     0       0       20     0        71      0      91     83      67       0       2     152     0        91       31      0      122        365
Total AM        0            0      0        0     0      295     0     1338     7      1640    2662   3694     0      12      6368     0      2129     1434      1     3564      11572
 AM Peak
                0            0      0        0     0       40     0      295     3      338     524    1121     0       1      1646     0       532     318       0      850       2834
  Hour

      12:15     0            0      0        0     0       19     0       67     0       86      61     92      0       0      153      0        97      34       0      131        370
      12:30     0            0      0        0     0       20     0       90     0      110      76     90      0       2      168      0       119      46       0      165        443
      12:45     0            0      0        0     0       29     0       75     0      104      80     80      0       0      160      0        93      45       0      138        402
      13:00     0            0      0        0     0       29     0       96     0      125      84     92      0       1      177      0        92      45       0      137        439
      13:15     0            0      0        0     0       17     0       88     0      105      68     75      0       1      144      0        38      17       0       55        304
      13:30     0            0      0        0     0       32     0       69     0      101      60     61      0       0      121      0        95      43       0      138        360
      13:45     0            0      0        0     0       28     0       88     1      117      65     92      0       2      159      0       115      43       0      158        434
      14:00     0            0      0        0     0       23     0      104     0      127     60     94       0       1      155      0        98      46       0      144        426
      14:15     0            0      0        0     0       30     0      112     0      142     48     82       0       0      130      0        99      49       2      150        422
      14:30     0            0      0        0     0       31     0      115     0      146     66     115      0       0      181      0       110      36       0      146        473
      14:45     0            0      0        0     0       30     0      122     0      152     117    106      0       0      223      0       146      44       0      190        565
      15:00     0            0      0        0     0       50     0      146     2      198     89     109      0       1      199      0       115      31       0      146        543
      15:15     0            0      0        0     0       50     0      141     0      191     72     108      0       1      181      0       161      37       0      198        570
      15:30     0            0      0        0     0       57     0      134     0      191     50     121      0       1      172      0       153      47       0      200        563
      15:45     0            0      0        0     0       22     0      192     0      214     84     125      0       1      210      0       232      29       0      261        685
      16:00     0            0      0        0     0       54     0      135     0      189     47     140      0       0      187      0       196      40       0      236        612
      16:15     0            0      0        0     0       60     0      153     0      213     36     91       0       2      129      0       221      21       0      242        584
      16:30     0            0      0        0     0       62     0      154     0      216     28     98       0       0      126      0       187      20       0      207        549
      16:45     0            0      0        0     0       54     0      183     0      237     43     89       0       0      132      0       205      14       0      219        588
      17:00     0            0      0        0     0       39     0      118     0      157     31     110      0       0      141      0       206      21       0      227        525
      17:15     0            0      0        0     0       60     0      167     1      228     48     139      0       1      188      0       298      20       1      319        735
      17:30     0            0      0        0     0       37     0      111     0      148     35     111      0       1      147      0       272      17       1      290        585
      17:45     0            0      0        0     0       60     0      103     0      163     27     130      0       0      157      0       254      19       0      273        593
      18:00     0            0      0        0     0       37     0       75     0      112      27    110      0       1      138      0       245      30       0      275        525
      18:15     0            0      0        0     0       39     0       77     0      116      31    102      0       0      133      0       229      18       0      247        496
      18:30     0            0      0        0     0       37     0       87     1      125      49    120      0       0      169      0       210      24       0      234        528
      18:45     0            0      0        0     0       24     0       78     0      102      63     98      0       0      161      0       210      40       0      250        513
      19:00     0            0      0        0     0       84     0       90     2      176      78     92      0       2      172      0       107      16       0      123        471
Total PM        0            0      0        0     0      1114    0     3170     7      4291    1623   2872     0      18      4513     0      4603     892       4     5499      14303
 PM Peak
                0            0      0        0     0      183     0      602     0      785     253    494      0       3      750      0       742     153       0      895       2430
  Hour

 13-Hour
                0            0      0        0     0      1409    0     4508    14      5931    4285   6566     0      30      10881    0      6732     2326      5     9063      25875
  Total




         JMT
         72 Loveton Circle
         Sparks MD 21052
                                                              WASA CLEAN RIVERS PROJECT
                                                          BLOOMINGDALE AREA DATA COLLECTION

Location :                   1st Street @ Irving Ave NW                                                                  City/Area:     Wahsington D.C.
Date Surveyed:              1/24/2013                                                                                    Weather:       25/Sunny
Intersection No.:           1                                                                                            Technicians:   JMT

                                                                    Pedestrian Volumes

End Time             1st Street, NW                    1st Street, NW                 Irving Ave, NW              Irving Ave, NW         Total
                  Across North Leg                  Across South Leg                Across East Leg                   Across West Leg
               Children           Adults         Children           Adults      Children           Adults   Children           Adults
     6:15          0                0                0                0             0                0         0                  0        0
     6:30          0                0                0                1             0                0         0                  0        1
     6:45          0                0                0                0             0                0         0                  0        0
     7:00          0                0                0                0             0                0         0                  0        0
     7:15          0                0                0                1             0                0         0                  0        1
     7:30          0                0                0                1             0                0         0                  0        1
     7:45          0                0                0                0             0                0         0                  0        0
     8:00          0                0                0                1             0                0         0                  0        1
     8:15          0                0                0                0             0                0         0                  0        0
     8:30          0                0                0                1             0                0         0                  0        1
     8:45          0                0                0                1             0                0         0                  0        1
     9:00          0                0                0                0             0                0         0                  0        0
     9:15          0                0                0                1             0                0         0                  0        1
     9:30          0                0                0                0             0                1         0                  0        1
     9:45          0                0                0                0             0                0         0                  0        0
   10:00           0                0                0                0             0                0         0                  0        0
   10:15           0                0                0                1             0                0         0                  1        2
   10:30           0                0                0                0             0                0         0                  0        0
   10:45           0                0                0                0             0                0         0                  0        0
   11:00           0                0                0                0             0                0         0                  0        0
   11:15           0                0                0                0             0                0         0                  0        0
   11:30           0                0                0                0             0                0         0                  0        0
   11:45           0                0                0                2             0                0         0                  0        2
   12:00           0                0                0                0             0                0         0                  0        0
Total AM           0                0                0               10             0                1         0                  1       12

   12:15            0               0                0                0            0                0          0                 0         0
   12:30            0               0                0                0            0                0          0                 0         0
   12:45            0               0                0                0            0                0          0                 0         0
   13:00            0               0                0                2            0                0          0                 0         2
   13:15            0               0                0                0            0                0          0                 0         0
   13:30            0               0                0                0            0                0          0                 0         0
   13:45            0               0                0                1            0                0          0                 0         1
   14:00            0               0                0                2            0                0          0                 0         2
   14:15            0               0                0                0            0                0          0                 0         0
   14:30            0               0                0                0            0                0          0                 0         0
   14:45            0               0                0                1            0                0          0                 0         1
   15:00            0               0                0                1            0                0          0                 0         1
   15:15            0               0                0                0            0                0          0                 0         0
   15:30            0               0                0                1            0                0          0                 0         1
   15:45            0               0                0                3            0                0          0                 0         3
   16:00            0               0                0                0            0                0          0                 0         0
   16:15            0               0                0                0            0                0          0                 0         0
   16:30            0               0                0                4            0                0          0                 0         4
   16:45            0               0                0                2            0                0          0                 0         2
   17:00            0               0                0                0            0                0          0                 0         0
   17:15            0               0                0                0            0                0          0                 0         0
   17:30            0               0                0                0            0                0          0                 0         0
   17:45            0               0                0                0            0                0          0                 0         0
   18:00            0               0                0                0            0                0          0                 0         0
   18:15            0               0                0                2            0                0          0                 0         2
   18:30            0               0                0                0            0                0          0                 0         0
   18:45            0               0                0                0            0                0          0                 0         0
   19:00            0               0                0                0            0                0          0                 0         0
Total PM            0               0                0               19            0                0          0                 0        19
                                                             WASA CLEAN RIVERS PROJECT
                                                         BLOOMINGDALE AREA DATA COLLECTION

Location :                   1st Street @ Irving Ave NW                                                     City/Area:     Wahsington D.C.
Date Surveyed:              1/24/2013                                                                       Weather:       25/Sunny
Intersection No.:           1                                                                               Technicians:   JMT

                                                                   Bikes Volumes

End Time             1st Street, NW                  1st Street, NW                 Irving Ave, NW   Irving Ave, NW         Total
                    Across North Leg                Across South Leg               Across East Leg       Across West Leg

     6:15                  0                                0                            0                 0                  0
     6:30                  0                                0                            0                 0                  0
     6:45                  0                                0                            0                 0                  0
     7:00                  0                                0                            0                 0                  0
     7:15                  0                                0                            0                 0                  0
     7:30                  0                                0                            0                 0                  0
     7:45                  0                                1                            0                 0                  1
     8:00                  0                                1                            0                 0                  1
     8:15                  0                                1                            0                 0                  1
     8:30                  0                                0                            0                 0                  0
     8:45                  0                                3                            0                 0                  3
     9:00                  0                                1                            0                 0                  1
     9:15                  0                                2                            0                 0                  2
     9:30                  0                                1                            0                 0                  1
     9:45                  0                                0                            0                 0                  0
   10:00                   0                                0                            0                 0                  0
   10:15                   0                                1                            0                 0                  1
   10:30                   0                                1                            0                 0                  1
   10:45                   0                                0                            0                 0                  0
   11:00                   0                                0                            0                 0                  0
   11:15                   0                                0                            0                 0                  0
   11:30                   0                                0                            0                 0                  0
   11:45                   0                                1                            0                 0                  1
   12:00                   0                                0                            0                 0                  0
Total AM                   0                                13                           0                 0                 13
                                                     1
   12:15                   0                                0                            0                 0                  0
   12:30                   0                                1                            0                 0                  1
   12:45                   0                                0                            0                 0                  0
   13:00                   0                                1                            0                 0                  1
   13:15                   0                                0                            0                 0                  0
   13:30                   0                                0                            0                 0                  0
   13:45                   0                                0                            0                 0                  0
   14:00                   0                                0                            0                 0                  0
   14:15                   0                                0                            0                 0                  0
   14:30                   0                                0                            0                 0                  0
   14:45                   0                                0                            0                 0                  0
   15:00                   0                                0                            0                 0                  0
   15:15                   0                                0                            0                 0                  0
   15:30                   0                                0                            0                 0                  0
   15:45                   0                                2                            0                 0                  2
   16:00                   0                                4                            0                 0                  4
   16:15                   0                                0                            0                 0                  0
   16:30                   0                                0                            0                 0                  0
   16:45                   0                                0                            0                 0                  0
   17:00                   0                                2                            0                 0                  2
   17:15                   0                                2                            0                 0                  2
   17:30                   0                                1                            0                 0                  1
   17:45                   0                                1                            0                 0                  1
   18:00                   0                                0                            0                 0                  0
   18:15                   0                                0                            0                 0                  0
   18:30                   0                                0                            0                 0                  0
   18:45                   0                                0                            0                 0                  0
   19:00                   0                                0                            0                 0                  0
Total PM                   0                                14                           0                 0                 14
