                                                                      WASA CLEAN RIVERS PROJECT
                                                                  BLOOMINGDALE AREA DATA COLLECTION
Location :               1st Street @ Michigan Ave NW                                                                                          City/Area:       Wahsington D.C.
Date Surveyed:           41303                                                                                                                 Weather:         50/Sunny
Intersection No.:        1                                                                                                                     Technicians:     JMT
                                                                                  Total Traffic Volumes

                                                                                                                                                                                   Int.
End Time
                              1st Street, NW                           1st Street, NW                     MichiganAvenue, NW                    MichiganAvenue, NW                Total
                               From North                               From South                             From East                                 From West
              Left        Thru     Right U-Turn    Total   Left   Thru      Right U-Turn   Total   Left   Thru   Right U-Turn   Total   Left    Thru   Right U-Turn      Total
      6:15     10           8         1      0      19      40      60         4      0     104     3       64     51      0     118      5      37      7       0        49       290
      6:30     9            2        2       0      13      49     90         3       0     142     3       91    72       0     166     6       55      2       0        63       384
      6:45     7            8        3       0      18      52     101        0       0     153     5      109    104      0     218     15      60      9       1        85       474
      7:00     17          31        13      0      61      50      99         4      0     153     10     170    100      0     280     11       69    17       0         97      591
      7:15     16          12        13      0      41      43      66         5      0     114     12     155     53      0     220     12       82    10       0        104      479
      7:30     11           9         6      0      26      60      61         8      0     129     10     171     47      0     228      7      107    17       0        131      514
      7:45     26          29        14      0      69      63      69         6      0     138     12     176     42      0     230     14      165    47       0        226      663
      8:00     39          23         5      0      67      60      72         5      0     137     11     219     69      0     299     13      136    35       0        184      687
      8:15     32          27        14      0      73      65      75         9      0     149     15     229     62      0     306      7      148    30       0        185      713
      8:30     27          29        13      0      69      72      78         7      0     157     16     206     51      0     273      7      136    37       0        180      679
      8:45     20          23        12      0      55      58      62         9      0     129     22     206     46      0     274      5      158    27       0        190      648
      9:00     35          19        12      0      66      56      57        14      0     127     25     170     64      0     259      7      146    46       0        199      651
      9:15     26          17        11      0      54      48      61        10      0     119     21     190     52      0     263      7      141    35       0        183      619
      9:30     32          26        12      0      70      45      63        10      0     118     15     167     50      0     232      9      107    24       0        140      560
      9:45     29          24        13      0      66      35      63         6      0     104     17     145     53      0     215      5      108    24       0        137      522
     10:00     25          24        14      0      63      54      59        14      0     127      9     133     37      0     179      9      106    18       0        133      502
     10:15     36          34        22      0      92      55      54         6      0     115     12     101     28      0     141     22       87    14       0        123      471
     10:30     46          35        14      0      95      38      58         5      0     101     15      79     19      0     113      8      116    15       0        139      448
     10:45     49          26        19      0      94      36      67         5      0     108      9      94     40      0     143     11      107    19       0        137      482
     11:00     39          30         9      1      79      45      55         4      0     104      3      92     28      0     123      4      107    18       0        129      435
     11:15     47          30        19      1      97      17      33         1      0      51      9      79     30      0     118     10       91    21       0        122      388
     11:30     47          37        12      2      98      34      41         6      0      81      7      73     25      0     105      9      110    14       0        133      417
     11:45     51          31        13      0      95      29      46         4      0      79      5      69     14      0      88     10      102    20       0        132      394
     12:00     42          38        15      0      95      32      48         6      0      86      5      84     26      0     115      9      100    20       0        129      425
Total AM      718          572      281      4     1575    1136   1538       151      0    2825    271    3272   1163      0    4706    222     2581    526      1       3330     12436
AM Peak
              124          108     46       0      278     260    294      27       0      581      54    830    224     0      1108    41       585     149       0      775     2742
  Hour

     12:15     62          35       17      0       114     38     47       6       0        91      3      78    25     0       106      5      124     12        0     141       452
     12:30     44          38       19      1       102     32     49      10       0        91      6      78    27     0       111     11      106     26        0     143       447
     12:45     48          31       18      0        97     40     54       9       0       103     9      105    25     1       140     15      107     25        0     147       487
     13:00     44          28       11      1        84     56     66      13       0       135     4      115    42     0       161     13      112     24        1     150       530
     13:15     54          29       17      0       100     51     59      10       0       120     7       90    36     0       133     7       102     19        0     128       481
     13:30     43          29       16      0        88     42     71       9       0       122     11      91    32     0       134     10      134     33        0     177       521
     13:45     51          34       18      0       103     26     42      11       0        79      4      99    27     0       130      5      131     32        0     168       480
     14:00     42          32       19      1        94     53     37       5       0        95     11     105    46     0       162     25      147     19        0     191       542
     14:15     56          37       25      0       118     51     29       7       0        87      9     102    36     0       147     20      116     33        0     169       521
     14:30     88          40       22      0       150     50     50      10       0       110     12      88    33     0       133     13      148     48        0     209       602
     14:45     62          42       17      1       122     32     43      12       1        88     17     133    37     0       187     10      122     36        0     168       565
     15:00     89          53       29      0       171     68     54       7       0       129     4      147    51     1       203     13      146     39        0     198       701
     15:15     69          46       14      0       129     39     55      12       0       106     13     131    29     0       173     12      164     50        0     226       634
     15:30     85          60       29      0       174     55     34      11       0       100     10     106    24     0       140     16      194     36        0     246       660
     15:45     61          49       15      0       125     43     46      14       0       103     11      92    25     0       128     9       133     48        0     190       546
     16:00     95          46       27      0       168     37     31       6       0        74     15     112    20     0       147      9      167     38        0     214       603
     16:15     74          43       13      0       130     48     22      11       0        81      9     127    26     0       162     14      172      38       1     225       598
     16:30     80          47       21      1       149     32     29      13       0        74      7     108    21     0       136     14      183      50       0     247       606
     16:45     89          55       23      0       167     35     33      13       0        81      9     118    20     0       147      6      207     48        0     261       656
     17:00     67          60       23      0       150     59     25      16       0       100      7     105    11     0       123     10      161     41        0     212       585
     17:15     62          24       13      0        99     49     36      16       0       101      9     104    19     0       132     13      130     38        0     181       513
     17:30     42          24       13      0        79     49     36      20       0       105     12     127    18     0       157      5      135     39        1     180       521
     17:45     69          33       15      0       117     56     45      29       0       130     11     107    14     0       132     11      223      32       0     266       645
     18:00     34          49       27      0       110     51     26      21       0        98      6     100    20     0       126      9      163     22        0     194       528
     18:15     44          30       20      0        94     54     27      15       0        96     21      88    18     0       127     15      153     30        0     198       515
     18:30     46          32        7      0        85     43     37       9       0        89      5     111    20     0       136      8      168     20        0     196       506
     18:45     28          21        8      0        57     64     26      15       0       105     10     151    22     0       183      7      143     27        0     177       522
     19:00     37          25       10      0        72     79     29      15       0       123      6     144    24     0       174      8      155     24        0     187       556
Total PM      1665        1072     506      5      3248    1332   1138    345       1      2816    258    3062   748     2      4070    313     4146     927       3     5389     15523
PM Peak
              338          191     84       1      614     152    115      43       0      310      40    465     87     0      592     43       729     174       1      947     2463
  Hour

 13-Hour
              2383        1644     787      9      4823    2468   2676    496       1      5641    529    6334   1911    2      8776    535     6727     1453      4     8719     27959
  Total




     JMT
     72 Loveton Circle
     Sparks MD 21052
                                                             WASA CLEAN RIVERS PROJECT
                                                         BLOOMINGDALE AREA DATA COLLECTION

Location :                   1st Street @ Michigan Ave NW                                                           City/Area:     Wahsington D.C.
Date Surveyed:              41303                                                                                   Weather:       50/Sunny
Intersection No.:           1                                                                                       Technicians:   JMT

                                                                   Pedestrian Volumes

End Time             1st Street, NW                   1st Street, NW            MichiganAvenue, NW        MichiganAvenue, NW        Total
                  Across North Leg                 Across South Leg                Across East Leg               Across West Leg
               Children           Adults        Children           Adults      Children        Adults   Children          Adults
     6:15          0                1               0                1             0              0        0                 5        7
     6:30          0                9               0                1             0              1        0                 1       12
     6:45          0                3               0                6             0              2        0                 5       16
     7:00          0                3               0                3             0              0        0                 9       15
     7:15          0                4               0                1             0              3        0                 5       13
     7:30          0                6               0                5             2              4        0                 6       23
     7:45          0                7               0                1             0              2        0                 8       18
     8:00          0               10               0                4             0              2        0                10       26
     8:15          3               10               0                0             0              0        0                 7       20
     8:30          0                4               0                2             0              7        0                12       25
     8:45          0                9               0                4             0              3        0                 8       24
     9:00          0                9               0                1             0              2        0                 2       14
     9:15          1               11               0                1             1              7        0                 8       29
     9:30          0               16               0                3             0              1        0                 3       23
     9:45          0                3               0                3             0              2        0                 4       12
   10:00           0                2               0                2             0              3        0                13       20
   10:15           2               12               0                3             0              4        0                 8       29
   10:30           1               11               0                3             1              5        2                 7       30
   10:45           0               10               0                3             0              5        0                11       29
   11:00           0                5               0                2             0              2        0                14       23
   11:15           0                3               0                2             0              2        1                 4       12
   11:30           0                5               0                5             0              4        0                10       24
   11:45           0                1               0                4             0              2        0                 8       15
   12:00           0                7               0                8             0             13        0                 7       35
Total AM           7               161              0               68             4             76        3               175       494

   12:15             3            15                 0              5              0             0        0                 9        32
   12:30             0             4                 0              2              0             3        0                 6        15
   12:45             2            10                 0              7              0             8        0                 1        28
   13:00             8            11                 0             34              0             4        0                15        72
   13:15             3             1                 0              6              2             4        0                13        29
   13:30             7            12                 0              0              0             6        0                10        35
   13:45             0            12                 2              2              0             6        0                17        39
   14:00             2            15                 0              4              1             4        3                 9        38
   14:15             0            18                 0              2              0             0        7                22        49
   14:30             1             8                 0              6              0             8        0                26        49
   14:45             3            30                 3              9              0             4        3                30        82
   15:00             0            14                 6              2              1             1        0                18        42
   15:15             3            11                 1              3              0             3        2                19        42
   15:30             1            15                 7              5              0             5        8                18        59
   15:45             5            20                 3              1              2             5        6                 6        48
   16:00             2             7                 3              0              3             5        1                15        36
   16:15             2            11                 0              2              1             6        3                 8        33
   16:30             1            17                 1              7              0             9        1                25        61
   16:45             0             8                 3              5              0             6        4                12        38
   17:00             0            12                 6              3              3             6        2                31        63
   17:15             1             8                 0              3              1             4        2                13        32
   17:30             0            24                 0              2              0             2        1                23        52
   17:45             0             6                 0              1              0             2        1                 9        19
   18:00             2            12                 0              4              0             4        1                 5        28
   18:15             2            10                 0              3              2             9        1                 4        31
   18:30             0             3                 0              7              1             1        2                11        25
   18:45             0             8                 0              2              0             3        0                 6        19
   19:00             0             5                 0              3              0             4        0                 3        15
Total PM            48            327               35             130            17            122       48               384      1111
                                                         WASA CLEAN RIVERS PROJECT
                                                     BLOOMINGDALE AREA DATA COLLECTION

Location :                   1st Street @ Michigan Ave NW                                                 City/Area:     Wahsington D.C.
Date Surveyed:              41303                                                                         Weather:       50/Sunny
Intersection No.:           1                                                                             Technicians:   JMT

                                                                  Bikes Volumes

End Time             1st Street, NW                 1st Street, NW          MichiganAvenue, NW   MichiganAvenue, NW       Total
                    Across North Leg               Across South Leg           Across East Leg          Across West Leg

     6:15                 1                                 0                      1                     0                  2
     6:30                 1                                 1                      1                     1                  4
     6:45                 0                                 2                      2                     1                  5
     7:00                 0                                 0                      1                     0                  1
     7:15                 0                                 2                      2                     0                  4
     7:30                 1                                 0                      2                     2                  5
     7:45                 1                                 1                      0                     1                  3
     8:00                 2                                 1                      2                     1                  6
     8:15                 2                                 0                      0                     1                  3
     8:30                 0                                 1                      0                     0                  1
     8:45                 2                                 0                      0                     0                  2
     9:00                 0                                 0                      0                     2                  2
     9:15                 1                                 1                      1                     0                  3
     9:30                 1                                 0                      1                     0                  2
     9:45                 2                                 0                      0                     0                  2
   10:00                  0                                 0                      0                     0                  0
   10:15                  0                                 0                      0                     0                  0
   10:30                  2                                 3                      0                     1                  6
   10:45                  0                                 0                      0                     0                  0
   11:00                  1                                 3                      0                     0                  4
   11:15                  0                                 0                      0                     1                  1
   11:30                  0                                 0                      1                     0                  1
   11:45                  0                                 0                      0                     1                  1
   12:00                  3                                 0                      0                     2                  5
Total AM                  20                                15                     14                    14                63

   12:15                  3                                 0                      1                     0                  4
   12:30                  2                                 0                      0                     0                  2
   12:45                  5                                 0                      0                     0                  5
   13:00                  1                                 2                      0                     0                  3
   13:15                  1                                 3                      0                     1                  5
   13:30                  1                                 1                      0                     1                  3
   13:45                  0                                 0                      0                     1                  1
   14:00                  0                                 0                      0                     8                  8
   14:15                  0                                 1                      0                     1                  2
   14:30                  0                                 0                      0                     0                  0
   14:45                  0                                 1                      2                     0                  3
   15:00                  2                                 5                      0                     1                  8
   15:15                  1                                 3                      0                     3                  7
   15:30                  0                                 3                      0                     0                  3
   15:45                  3                                 2                      1                     5                 11
   16:00                  0                                 2                      1                     1                  4
   16:15                  3                                 0                      0                     3                  6
   16:30                  1                                 0                      1                     0                  2
   16:45                  2                                 5                      3                     4                 14
   17:00                  1                                 4                      0                     1                  6
   17:15                  1                                 4                      3                     4                 12
   17:30                  0                                 3                      0                     0                  3
   17:45                  1                                 1                      0                     0                  2
   18:00                  1                                 1                      0                     0                  2
   18:15                  1                                 1                      1                     1                  4
   18:30                  0                                 0                      1                     2                  3
   18:45                  0                                 0                      5                     0                  5
   19:00                  0                                 0                      2                     0                  2
Total PM                  30                                42                     21                    37                130
