                                                                         WASA CLEAN RIVERS PROJECT
                                                                     BLOOMINGDALE AREA DATA COLLECTION
Location :           5th Street @ Harvard Street NW                                                                                             City/Area:      Wahsington D.C.
Date Surveyed:       2/5/2013                                                                                                                   Weather:        45/Sunny
Intersection No.:    2                                                                                                                          Technicians:    JMT
                                                                                   Total Traffic Volumes

                                                                                                                                                                                   Int.
End Time
                             Hobart Place, NW                           5th Street, NW                             NW                              Harvard Street, NW             Total
                                From North                                From South                            From East                                  From West
              Left         Thru     Right U-Turn      Total   Left   Thru    Right U-Turn   Total   Left   Thru   Right U-Turn   Total   Left    Thru    Right U-Turn    Total
      6:15     0             1         0      0         1      0      0        10      0      10     17     0       0     0        17     0        41       6       0      47      75
      6:30     0             1         0      0         1      0      0        19      0      19     35     0       0     0        35     0        68       4       0      72     127
      6:45     0             0         0      0         0      0      0        30      0      30     44     0       0     0        44     0       104       4       0     108     182
      7:00     0             1         0      0         1      0      0        37      0      37     69     0       0     0        69     0        95       4       0      99     206
      7:15     0             0         0      0         0      0      0        26      0      26     71     0       0     0        71     0       102       9       0     111     208
      7:30     0             2         0      0         2      0      0        33      0      33     106    0       0     0       106     0        96      11       0     107     248
      7:45     0             2         0      0         2      0      0        35      0      35     149    0       0     0       149     0       120      10       0     130     316
      8:00     0             1         0      0         1      0      0        41      0      41     201    0       0     0       201     0       130      10       0     140     383
      8:15     0             1         0      0         1      0      0        50      0      50     222    0       0     0       222     0       126      3        0     129     402
      8:30     0             2         0      0         2      0      0        57      0      57     177    0       0     0       177     0       121      8        0     129     365
      8:45     0             2         0      0         2      0      0        44      0      44     196    0       0     0       196     0       125      12       0     137     379
      9:00     0             2         0      0         2      0      0        52      0      52     220    0       0     0       220     0       120      2        0     122     396
      9:15     0             0         0      0         0      0      0        42      0      42     157    0       0     0       157     0       101      10       0     111     310
      9:30     0             0         0      0         0      0      0        50      0      50     120    0       0     0       120     0        90       7       0      97     267
      9:45     0             2         0      0         2      0      0        43      0      43     123    0       0     0       123     0        99      12       0     111     279
     10:00     0             3         0      0         3      0      0        28      0      28     91     0       0     0        91     0        95      15       0     110     232
     10:15     0             2         0      0         2      0      0        36      0      36     74     0       0     0        74     0        94      12       0     106     218
     10:30     0             1         0      0         1      0      0        35      0      35     78     0       0     0        78     0        95      11       0     106     220
     10:45     0             0         0      0         0      0      0        32      0      32     83     0       0     0        83     0        85       9       0      94     209
     11:00     0             0         0      0         0      0      0        41      0      41     82     0       0     0        82     0        79       9       0      88     211
     11:15     0             1         0      0         1      0      0        31      0      31     71     0       0     0        71     0        81       9       0      90     193
     11:30     0             1         0      0         1      0      0        27      0      27     54     0       0     0        54     0        87       5       0      92     174
     11:45     0             3         0      0         3      0      0        39      0      39     36     0       0     0        36     0        99      12       0     111     189
     12:00     0             0         0      0         0      0      0        42      0      42     64     0       0     0        64     0        92      10       0     102     208
Total AM       0            28         0      0        28      0      0       880      0     880    2540    0       0     0      2540     0      2345     204       0    2549     5997
AM Peak
                0           7        0       0         7       0      0      203     0      203     815     0      0      0      815      0       492      25      0      517     1542
  Hour

     12:15      0            0       0       0          0      0      0       31     0        31     55     0      0      0       55      0       100      9       0     109      195
     12:30      0            1       0       0          1      0      0       44     0        44     66     0      0      0       66      0       100     12       0     112      223
     12:45      0            0       0       0          0      0      0       38     0        38     59     0      0      0       59      0        90      8       0      98      195
     13:00      0            7       0       0          7      0      0       42     0        42     59     0      0      0       59      0        96     10       0     106      214
     13:15      0            0       0       0          0      0      0       43     0        43     57     0      0      0       57      0       101     15       0     116      216
     13:30      0            0       0       0          0      0      0       42     0        42     59     0      0      0       59      0       102     13       0     115      216
     13:45      0            2       0       0          2      0      0       33     0        33     47     0      0      0       47      0       102     14       0     116      198
     14:00      0            1       0       0          1      0      0       46     0        46     50     0      0      0       50      0        96     11       0     107      204
     14:15      0            3       0       0          3      0      0       54     0        54     68     0      0      0       68      0       110     19       0     129      254
     14:30      0            1       0       0          1      0      0       67     0        67     64     0      0      0       64      0       115      4       0     119      251
     14:45      0            1       0       0          1      0      0       69     0        69     46     0      0      0       46      0       104      8       0     112      228
     15:00      0            2       0       0          2      0      0       67     0        67     51     0      0      0       51      0       101     12       0     113      233
     15:15      0            3       0       0          3      0      0       49     0        49     58     0      0      0       58      0       145     12       0     157      267
     15:30      0            1       0       0          1      0      0       81     0        81     70     0      0      0       70      0       159     10       0     169      321
     15:45      0            2       0       0          2      0      0       74     0        74     77     0      0      0       77      0       146     15       0     161      314
     16:00      0            3       0       0          3      0      0       67     0        67     68     0      0      0       68      0       142     15       0     157      295
     16:15      0            3       0       0          3      0      0      103     0       103     69     0      0      0       69      0      165      14       0     179      354
     16:30      0            1       0       0          1      0      0       96     0        96     79     0      0      0       79      0       140     14       0     154      330
     16:45      0            2       0       0          2      0      0      107     0       107     68     0      0      0       68      0      165      11       0     176      353
     17:00      0            3       0       0          3      0      0       91     0        91     69     0      0      0       69      0       135     14       0     149      312
     17:15      0            1       0       0          1      0      0      109     0       109     84     0      0      0       84      0      154      13       0     167      361
     17:30      0            2       0       0          2      0      0      111     0       111     58     0      0      0       58      0      178      12       0     190      361
     17:45      0            6       0       0          6      0      0       92     0        92     64     0      0      0       64      0       170     12       0     182      344
     18:00      0            1       0       0          1      0      0      122     0       122     58     0      0      0       58      0      158      11       0     169      350
     18:15      0            0       0       0          0      0      0      103     0       103     51     0      0      0       51      0      163       8       0     171      325
     18:30      0            2       0       0          2      0      0       89     0        89     65     0      0      0       65      0       143     13       0     156      312
     18:45      0            2       0       0          2      0      0       75     0        75     36     0      0      0       36      0       120     12       0     132      245
     19:00      0            2       0       0          2      0      0       63     0        63     48     0      0      0       48      0       103      8       0     111      224
Total PM        0           52       0       0         52      0      0     2008     0      2008    1703    0      0      0      1703     0      3603     329      0     3932     7695
PM Peak
                0           10       0       0         10      0      0      434     0      434      0      0      0      0      264      0       660      48      0      708     1416
  Hour

 13-Hour
                0           80       0       0         80      0      0     2888     0      2888    4243    0      0      0      4243     0      5948     533      0     6481     13692
  Total




       JMT
       72 Loveton Circle
       Sparks MD 21052
                                                            WASA CLEAN RIVERS PROJECT
                                                        BLOOMINGDALE AREA DATA COLLECTION

Location :                 5th Street @ Harvard Street NW                                                            City/Area:      Wahsington D.C.
Date Surveyed:            2/5/2013                                                                                   Weather:        45/Sunny
Intersection No.:         2                                                                                          Technicians:    JMT

                                                                   Pedestrian Volumes

End Time          Hobart Place, NW                    5th Street, NW                     NW                 Harvard Street, NW        Total
                  Across North Leg                 Across South Leg                Across East Leg               Across West Leg
               Children        Adults           Children           Adults      Children        Adults   Children            Adults
     6:15          0             0                  0                1             0              0        0                  1         2
     6:30          0             0                  0                0             0              1        0                  1         2
     6:45          0             0                  0                1             0              0        0                  2         3
     7:00          0             0                  0                1             0              1        0                  1         3
     7:15          0             0                  0                2             0              1        0                  3         6
     7:30          0             0                  0                2             0              1        0                  2         5
     7:45          0             0                  0                1             0              2        0                  1         4
     8:00          0             0                  0                8             0              1        0                  5        14
     8:15          0             0                  0               11             0              1        0                  8        20
     8:30          0             0                  0                2             0              1        0                  3         6
     8:45          0             0                  0                2             0              1        0                  1         4
     9:00          0             0                  0                5             0              0        0                  3         8
     9:15          0             0                  0                2             0              1        0                  2         5
     9:30          0             0                  0                6             0              2        0                  8        16
     9:45          0             0                  0                4             0              1        0                  5        10
   10:00           0             0                  0                5             0              1        0                  4        10
   10:15           0             0                  0                5             0              0        0                  4         9
   10:30           0             0                  0                4             0              0        0                  3         7
   10:45           0             0                  0                3             0              0        0                  2         5
   11:00           0             0                  0                3             0              1        0                  3         7
   11:15           0             0                  0                5             0              0        0                  5        10
   11:30           0             0                  0                6             0              2        0                  2        10
   11:45           0             0                  0                4             0              1        0                  4         9
   12:00           0             0                  0                4             0              1        0                  1         6
Total AM           0             0                  0               87             0             20        0                 74        181

   12:15            0             0                 0               6             0              0         0                  3         9
   12:30            0             0                 0               4             0              3         0                  3        10
   12:45            0             0                 0               9             0              2         0                  4        15
   13:00            0             0                 0               7             0              3         0                  6        16
   13:15            0             0                 0               6             0              1         0                  4        11
   13:30            0             0                 0               6             0              0         0                  3         9
   13:45            0             0                 0               3             0              1         0                  0         4
   14:00            0             0                 0               4             0              2         0                  0         6
   14:15            0             0                 0               6             0              1         0                  3        10
   14:30            0             0                 0               3             0              1         0                  3         7
   14:45            0             0                 0               2             0              0         0                  2         4
   15:00            0             0                 0               0             0              1         0                  0         1
   15:15            0             0                 0               3             0              0         0                  2         5
   15:30            0             0                 0               3             0              0         0                  2         5
   15:45            0             0                 0               7             0              0         0                  2         9
   16:00            0             1                 0               5             0              0         0                  3         9
   16:15            0             0                 0               9             0              1         0                  4        14
   16:30            0             0                 0               3             0              1         0                  2         6
   16:45            0             0                 0               3             0              4         0                  6        13
   17:00            0             0                 0               7             0              2         0                  4        13
   17:15            0             1                 0               5             0              0         0                  4        10
   17:30            0             1                 0              10             0              2         0                  9        22
   17:45            0             0                 0               2             0              2         0                  3         7
   18:00            0             0                 0               3             0              0         0                  3         6
   18:15            0             0                 0               9             0              1         0                  4        14
   18:30            0             0                 0               5             0              3         0                  4        12
   18:45            0             0                 0               8             0              4         0                  7        19
   19:00            0             0                 0               6             0              1         0                  4        11
Total PM            0             3                 0              144            0             36         0                 94        277
                                                          WASA CLEAN RIVERS PROJECT
                                                      BLOOMINGDALE AREA DATA COLLECTION

Location :                   5th Street @ Harvard Street NW                                                  City/Area:     Wahsington D.C.
Date Surveyed:              2/5/2013                                                                         Weather:       45/Sunny
Intersection No.:           2                                                                                Technicians:   JMT

                                                                   Bikes Volumes

End Time            Hobart Place, NW                 5th Street, NW                      NW          Harvard Street, NW      Total
                    Across North Leg                Across South Leg               Across East Leg       Across West Leg

     6:15                  0                                  0                          0                  0                  0
     6:30                  0                                  0                          0                  0                  0
     6:45                  0                                  0                          1                  0                  1
     7:00                  0                                  0                          1                  0                  1
     7:15                  0                                  0                          0                  0                  0
     7:30                  0                                  0                          0                  3                  3
     7:45                  0                                  0                          1                  4                  5
     8:00                  0                                  0                          2                  1                  3
     8:15                  0                                  0                          0                  4                  4
     8:30                  0                                  0                          0                  2                  2
     8:45                  0                                  0                          0                  4                  4
     9:00                  0                                  0                          0                  5                  5
     9:15                  0                                  0                          0                  4                  4
     9:30                  0                                  0                          0                  6                  6
     9:45                  0                                  0                          1                  4                  5
   10:00                   0                                  0                          0                  4                  4
   10:15                   0                                  0                          0                  3                  3
   10:30                   0                                  0                          0                  2                  2
   10:45                   0                                  0                          0                  1                  1
   11:00                   0                                  0                          0                  2                  2
   11:15                   0                                  1                          0                  1                  2
   11:30                   0                                  0                          0                  1                  1
   11:45                   0                                  0                          1                  1                  2
   12:00                   0                                  0                          1                  0                  1
Total AM                   0                                  1                          8                  52                61

   12:15                   0                                  0                          0                  2                  2
   12:30                   0                                  0                          0                  2                  2
   12:45                   0                                  0                          0                  1                  1
   13:00                   0                                  0                          0                  2                  2
   13:15                   0                                  0                          0                  0                  0
   13:30                   0                                  0                          0                  0                  0
   13:45                   0                                  0                          1                  0                  1
   14:00                   0                                  0                          0                  1                  1
   14:15                   0                                  0                          1                  1                  2
   14:30                   0                                  0                          0                  1                  1
   14:45                   0                                  1                          0                  0                  1
   15:00                   0                                  0                          1                  1                  2
   15:15                   0                                  0                          0                  0                  0
   15:30                   0                                  0                          0                  0                  0
   15:45                   0                                  1                          1                  2                  4
   16:00                   0                                  0                          1                  0                  1
   16:15                   0                                  1                          0                  1                  2
   16:30                   0                                  0                          1                  0                  1
   16:45                   0                                  0                          0                  1                  1
   17:00                   0                                  1                          2                  1                  4
   17:15                   0                                  0                          1                  3                  4
   17:30                   0                                  0                          1                  1                  2
   17:45                   0                                  0                          3                  0                  3
   18:00                   0                                  0                          2                  0                  2
   18:15                   0                                  0                          2                  2                  4
   18:30                   0                                  0                          7                  0                  7
   18:45                   0                                  0                          2                  3                  5
   19:00                   0                                  0                          3                  1                  4
Total PM                   0                                  4                          29                 26                59
