                                                                                 WASA CLEAN RIVERS PROJECT
                                                                             BLOOMINGDALE AREA DATA COLLECTION
Location :            North Capitol Street @ Michigan Avenue, NW                                                                                                    City/Area:        Washington, D.C.
Date Surveyed:        January 30, 2013                                                                                                                              Weather:          Warm/Clear/Dry
Intersection No.:     9                                                                                                                                             Technicians:      MD/PM


                                                                                                    Total Traffic Volumes
                         North Capitol Street                                North Capitol Street                             Michigan Avenue                           Michigan Avenue
                            From North                                           From South                                      From East                                 From West
                                                                                                                                                                                                          Int.
End Time
                                                                                                                                                                                                         Total
              Left      Thru      Right     U-Turn     Total       Left     Thru     Right   U-Turn    Total     Left       Thru    Right   U-Turn   Total   Left    Thru    Right    U-Turn    Total

    6:15        0        210        17         0         227           1     136      28       0        165       42          94     2          0     138     1        30      13         0       44      574
    6:30        0        233        40         0         273           1     150      37       0        188       59         118     15         0     192     2        30      29         0       61      714
    6:45        0        297        46         0         343           2     156      40       0        198       49         149     16         0     214     4        44      22         0       70      825
    7:00        0        293        61         0         354           0     164      38       0        202       61         185     12         0     258     4        27      18         0       49      863
    7:15        0        312        32         0         344           0     228      45       0        273       72         131     14         0     217     7        68      17         0       92      926
    7:30        0        297        28         0         325           1     250      31       0        282       75         183     19         0     277     9        86      31         0      126      1010
    7:45        0        347        18         0         365           0     248      37       0        285       62         179     22         0     263     10      151      58         0      219      1132
    8:00        0        392        29         0         421           0     230      35       0        265       74         210     20         0     304     15      133      51         0      199      1189
    8:15        0        343        28         0         371           1     250      38       0        289       84         225     23         0     332     16      113      49         0      178      1170
    8:30        0        324        17         0         341           0     279      46       0        325      101         198     17         0     316     8       109      55         0      172      1154
    8:45        0        354        27         0         381           0     224      50       0        274       78         206     21         0     305     12      130      45         0      187      1147
    9:00        0        383        13         0         396           0     173      58       0        231       85         203     13         0     301     8       123      54         0      185      1113
    9:15        0        352        28         0         380           1     199      30       0        230       77         187     8          0     272     6        95      41         0      142      1024
    9:30        0        340        21         0         361           1     188      43       0        232       74         152     11         0     237     10       95      50         0      155      985
    9:45        0        320        28         0         348           0     157      35       0        192       57         185     16         0     258     7       102      42         0      151      949
   10:00        0        303        17         0         320           0     195      44       0        239       46         146     8          0     200     8        99      47         0      154      913
   10:15        0        236        24         0         260           1     173      39       0        213       29         158     11         0     198     5        91      31         0      127      798
   10:30        0        183        13         0         196           1     166      70       0        237       34         101     9          0     144     9       103      31         0      143      720
   10:45        0        179        18         0         197           0     160      55       0        215       38          88     10         0     136     8        74      32         0      114      662
   11:00        0        181        16         0         197           2     173      35       0        210       38         111     10         0     159     8        73      29         0      110      676
   11:15        0        161        22         0         183           1      76      16       0        203       39         115     16         0     170     6        37      10         0       53      609
   11:30        0        140        8          0         148           1     154      37       0        192       24          85     11         0     120     11       87      30         0      128      588
   11:45        0        168        11         0         179           1     165      13       0        201       34          62     14         0     110     7        91      22         0      120      610
   12:00        0        156        13         0         169           0     173      48       0        221       29          68     12         0     109     17      106      19         0      142      641
Total AM        0       6,504      575         0        7,079          15   4,467    948       0       5,562    1,361       3,539   330         0    5,230   198     2,097    826         0     3,121    20,992
AM Peak
                0       1,413      101         0        1,514          1     983     169       0       1,153     337        839      81         0    1,257   51       485     200         0     736      4,660
  Hour

    12:15       0        161        11         0         172           1     176       36      0        213       35          73     18         0     126     15      113      29         0      157      668
    12:30       0        169        10         0         179           1     193       37      0        231       39          99     13         0     151     12      119      37         0      168      729
    12:45       0        160        15         1         176           0     186       45      0        231       30          95     8          0     133     11      124      20         0      155      695
    13:00       0        140        14         0         154           1     183       52      0        236       47          86     6          0     139     17      103      29         0      149      678
    13:15       0        165        16         0         181           0     196       43      0        239       32          84     7          0     123     12      114      31         0      157      700
    13:30       0        168        17         1         186           1     194       35      0        230       45         122     15         0     182     21      119      39         0      179      777
    13:45       0        200        13         0         213           1     182       28      0        211       39          96     10         0     145     27      143      48         0      218      787
    14:00       0        181        12         0         193           0     175       33      0        208       31          92     8          0     131     12      120      44         0      176      708
    14:15       0        184        10         0         194           1     190       33      0        224       48         121     12         0     181     11      131      24         0      166      765
    14:30       0        191        11         0         202           1     236       36      0        273       38         104     9          0     151     15      128      40         0      183      809
    14:45       0        210        12         0         222           0     228       40      0        268       40         123     12         0     175     12      113      16         0      141      806
    15:00       0        216        11         0         227           2     260       33      0        295       39         143     18         0     200     10      138      23         0      171      893
    15:15       0        200        14         0         214           0     312       45      0        357       33         125     12         0     170     20      148      34         0      202      943
    15:30       0        196        12         0         208           1     310       50      0        361       28         118     10         0     156     11      173      28         0      212      937
    15:45       0        181        11         0         192           0     292       50      0        342       21         111     8          0     140     11      165      38         0      214      888
    16:00       0        150        13         0         163           1     310       51      0        362       48         125     9          0     182     12      158      23         0      193      900
    16:15       0        147        10         0         157           0     329       76      0        405       34         104     11         0     149     10      198      16         0      224      935
    16:30       0        193        14         0         207           0     329       68      0        397       37         126     13         0     176     15      189      31         0      235      1015
    16:45       0        245        15         0         260           0     298       60      0        358       56         104     7          0     167     16      194      48         0      258      1043
    17:00       0        188        11         0         199           2     285       84      0        371       42          91     18         0     151     11      227      33         0      271      992
    17:15       0        184        8          0         192           0     291       64      0        355       45          97     12         0     154     12      188      31         0      231      932
    17:30       0        171        12         0         183           0     319       59      0        378       61         120     16         0     197     15      205      37         0      257      1015
    17:45       0        171        14         0         185           0     410       74      0        484       42         103     12         0     157     16      202      36         0      254      1080
    18:00       0        116        10         0         126           0     380       80      0        460       55         116     9          0     180     8       142      32         0      182      948
    18:15       0        156        11         0         167           0     354       85      0        439       57         101     10         0     168     13      137      22         0      172      946
    18:30       0        152        10         0         162           0     273       89      0        362       65         121     8          0     194     11      182      44         0      237      955
    18:45       0        131        13         0         144           0     208       85      0        293       56         109     7          0     172     7       140      45         0      192      801
    19:00       0        139        35         0         174           0     194       46      0        240       52         127     11         0     190     9       101      39         0      149      753
 Total PM       0       4,865      365         2        5,232          13   7,293    1,517     0       8,823    1,195       3,036   309         0    4,540   372     4,214    917         0     5,503    24,098
 PM Peak
                0        714        45         0         759           2    1,305    281       0       1,588     190        411      58         0    659     54       822     137         0     1,013    4,019
  Hour

 13-Hour
                0      11,369      940         2       12,311          28   11,760   2,465     0       14,385   2,556       6,575   639         0    9,770   570     6,311    1,743       0     8,624    45,090
  Total




                Data Collected by:
                    O. R. George Associates, Inc.
                    10210 Greenbelt Road, Suite 310, Lanham MD 20706
                     Phone: (301) 794-7700 Fax: (301) 794 4400                                                                                                                                                    1
                                                                    WASA CLEAN RIVERS PROJECT
                                                                BLOOMINGDALE AREA DATA COLLECTION

 Location :                          North Capitol Ave @ Michigan Ave, NW                               City/Area:     Wahsington D.C.
 Date Surveyed:                      January 30, 2013                                                   Weather:       Warm/Clear/Dry
 Intersection No.:                   9                                                                  Technicians:   MD/PM


                                               Pedestrian Volumes

              North Capitol Street   North Capitol Street   Michigan Avenue   Michigan Avenue    Int.
 End Time
                                                                                                Total
               Across North Leg       Across South Leg      Across East Leg   Across West Leg
       6:15            0                      4                     1                1           6
       6:30            6                      1                     1                1           9
       6:45            5                      3                     2                0           10
       7:00            2                      2                     2                0           6
       7:15            1                      5                     7                0           13
       7:30            4                      7                     1                0           12
       7:45            3                      3                     2                0           8
       8:00            3                      5                     5                0           13
       8:15            1                      8                     6                0           15
       8:30            1                      2                     4                0           7
       8:45            0                      5                     3                0           8
       9:00            2                      7                     2                0           11
       9:15            0                      4                     1                0           5
       9:30            2                      4                     1                1           8
       9:45            5                      5                     2                0           12
     10:00             4                      2                     1                0           7
     10:15             2                      4                     1                0           7
     10:30             2                      1                     2                0           5
     10:45             1                      1                     1                0           3
     11:00             3                      3                     9                0           15
     11:15             1                      1                     1                0           3
     11:30             1                      1                     1                0           3
     11:45             1                      2                     1                0           4
     12:00             1                      1                     2                0           4
 Total AM             51                     81                    59                3          194

     12:15             2                     10                     7                0           19
     12:30             3                      7                     1                0           11
     12:45             2                      8                     2                1           13
     13:00             6                      4                     2                0           12
     13:15             2                      5                     3                0           10
     13:30             3                      4                     4                0           11
     13:45             2                      6                     1                0           9
     14:00             2                      4                     2                0           8
     14:15             3                      3                     3                0           9
     14:30             0                      6                     3                0           9
     14:45             0                      6                     2                0           8
     15:00             3                      4                     4                0           11
     15:15             0                      5                     2                0           7
     15:30             0                      5                     3                0           8
     15:45             0                      3                     1                5           9
     16:00             0                      5                     2                0           7
     16:15             0                      1                     4                0           5
     16:30             0                      3                     1                0           4
     16:45             0                      4                     2                0           6
     17:00             2                      6                     2                0           10
     17:15             0                      3                     1                0           4
     17:30             1                      6                     3                0           10
     17:45             1                      3                     1                0           5
     18:00             1                      2                     1                0           4
     18:15             0                      3                     2                0           5
     18:30             0                      2                     1                0           3
     18:45             0                      2                     1                0           3
     19:00             1                      1                     2                0           4
 Total PM             34                     121                   63                6          224




Data Collected by:
    O. R. George Associates, Inc.
    10210 Greenbelt Road, Suite 310, Lanham MD 20706
     Phone: (301) 794-7700 Fax: (301) 794 4400                                                                                           2
                                          WASA CLEAN RIVERS PROJECT
                                      BLOOMINGDALE AREA DATA COLLECTION

Location :              North Capitol Ave @ Michigan Ave, NW                                 City/Area:   Wahsington D.C.
Date Surveyed:          January 30, 2013                                                     Weather:     Warm/Clear/Dry
Intersection No.:       9                                                                    Technicians: MD/PM


                                                        Bicycle Volumes

  End         North Capitol Street      North Capitol Street       Michigan Avenue   Michigan Avenue        Int.
  Time         Across North Leg          Across South Leg          Across East Leg   Across West Leg       Total
  6:15                 0                         0                        0                 0                0
  6:30                 0                         0                        0                 0                0
  6:45                 0                         0                        0                 0                0
  7:00                 0                         0                        0                 0                0
  7:15                 0                         2                        0                 0                2
  7:30                 2                         0                        0                 0                2
  7:45                 1                         0                        0                 1                2
  8:00                 0                         1                        0                 1                2
  8:15                 0                         0                        0                 0                0
  8:30                 1                         1                        2                 1                5
  8:45                 2                         2                        1                 1                6
  9:00                 3                         3                        0                 0                6
  9:15                 1                         1                        0                 1                3
  9:30                 0                         0                        1                 0                1
  9:45                 2                         0                        0                 0                2
 10:00                 0                         2                        0                 1                3
 10:15                 0                         0                        0                 0                0
 10:30                 0                         0                        0                 0                0
 10:45                 0                         0                        0                 0                0
 11:00                 0                         0                        0                 0                0
 11:15                 0                         0                        0                 0                0
 11:30                 0                         0                        0                 0                0
 11:45                 0                         0                        0                 0                0
 12:00                 2                         1                        0                 0                3
Total AM              14                        13                        4                 6               37

 12:15                 2                         0                        0                 0                2
 12:30                 0                         0                        0                 1                1
 12:45                 0                         0                        0                 0                0
 13:00                 0                         0                        0                 0                0
 13:15                 0                         0                        0                 0                0
 13:30                 0                         0                        0                 1                1
 13:45                 0                         0                        0                 1                1
 14:00                 0                         0                        0                 0                0
 14:15                 1                         0                        1                 0                2
 14:30                 1                         0                        1                 0                2
 14:45                 1                         0                        0                 0                1
 15:00                 0                         0                        0                 0                0
 15:15                 0                         0                        1                 1                2
 15:30                 0                         0                        1                 0                1
 15:45                 0                         0                        1                 1                2
 16:00                 0                         0                        0                 0                0
 16:15                 0                         0                        1                 0                1
 16:30                 0                         0                        0                 0                0
 16:45                 0                         0                        0                 1                1
 17:00                 0                         0                        0                 0                0
 17:15                 0                         0                        0                 0                0
 17:30                 0                         0                        0                 0                0
 17:45                 0                         0                        0                 0                0
 18:00                 0                         0                        0                 0                0
 18:15                 0                         0                        0                 0                0
 18:30                 0                         0                        0                 0                0
 18:45                 0                         0                        0                 0                0
 19:00                 0                         0                        0                 0                0
Total PM               5                         0                        6                 6               17




 Data Collected by:
     O. R. George Associates, Inc.
     10210 Greenbelt Road, Suite 310, Lanham MD 20706
      Phone: (301) 794-7700 Fax: (301) 794 4400                                                                             3
