                                                                        WASA CLEAN RIVERS PROJECT
                                                                    BLOOMINGDALE AREA DATA COLLECTION
Location :           Michigan Ave @ Franklyn St NE                                                                                              City/Area:       Wahsington D.C.
Date Surveyed:       1/30/2013                                                                                                                  Weather:         60/Cloudy/PM Rain
Intersection No.:    2                                                                                                                          Technicians:     JMT
                                                                                  Total Traffic Volumes

End Time                         Street, NW                          Franklyn Street, NE                     Michigan Ave, NE                      Michigan Ave, NE               Int. Total
                                 From North                              From South                             From East                                  From West
              Left          Thru      Right U-Turn   Total   Left   Thru    Right U-Turn   Total   Left   Thru    Right U-Turn   Total   Left    Thru   Right U-Turn      Total
       6:15    0             0           0    0       0       71     0        3        0     74      0      73      0       0      73     0       31      28      0         59       206
       6:30    0             0           0    0       0       94     0        2        0     96      2     100      0       0     102     0       36      36      0         72       270
       6:45    0             0           0    0       0      126     0        5        0    131     1       99      0       0     100     0       38      29      0         67       298
       7:00    0             0           0    0       0      179     0        4        0    183     2      122      0       0     124     0       54      50      1        105       412
       7:15    0             0           0    0       0      109     0        2        0    111     2      124      0       0     126     0       64      57      0        121       358
       7:30    0             0           0    0       0      153     0        3        0    156     9      125      0       0     134     0       52      63      0        115       405
       7:45    0             0           0    0       0      158     0        6        0    164     5      123      0       0     128     0       67     124      0        191       483
       8:00    0             0           0    0       0      194     0        7        0    201     3      142      0       0     145     0       66      94      0        160       506
       8:15    0             0           0    0       0      194     0        2        0    196     8      151      0       0     159     0       65     100      0        165       520
       8:30    0             0           0    0       0      180     0        7        0    187     2      147      0       0     149     0       66      96      0        162       498
       8:45    0             0           0    0       0      181     0       15        0    196     4      196      0       0     200     0       91     101      0        192       588
       9:00    0             0           0    0       0      165     0       10        0    175     7      176      0       0     183     0       91      89      0        180       538
       9:15    0             0           0    0       0      165     0       11        0    176     9      135      0       0     144     0       52      79      0        131       451
       9:30    0             0           0    0       0      150     0        4        0    154     6      132      0       0     138     0       66      73      0        139       431
       9:45    0             0           0    0       0      152     0       10        0    162     5       98      0       0     103     0       63      86      0        149       414
      10:00    0             0           0    0       0      119     0        4        0    123     6       86      0       0      92     0       86      65      0        151       366
      10:15    0             0           0    0       0      119     0        9        0    128     3      107      0       0     110     0       77      75      0        152       390
      10:30    0             0           0    0       0      117     0       17        0    134     4       75      0       0      79     0       98      75      0        173       386
      10:45    0             0           0    0       0      109     0        6        0    115     1       85      0       0      86     0       93     103      0        196       397
      11:00    0             0           0    0       0       97     0        2        0     99      7      85      0       0      92     0       88      78      0        166       357
      11:15    0             0           0    0       0       96     0        4        0    100     4       89      0       0      93     0       55      75      0        130       323
      11:30    0             0           0    0       0       80     0        2        0     82     10      58      0       0      68     0       85      77      0        162       312
      11:45    0             0           0    0       0       77     0       12        0     89      2      83      0       0      85     0       73      76      0        149       323
      12:00    0             0           0    0       0       90     0       14        0    104      3      87      0       0      90     0       98      90      0        188       382
Total AM        0            0        0       0       0      3175    0      161     0      3336    105    2698     0      0      2803     0      1655     1819      1     3475       9614
 AM Peak
                0            0        0       0       0      720     0      34      0      754      21    670      0      0      691      0       313     386       0      699       2144
  Hour

      12:15     0            0        0       0       0       82     0       7      0       89      14     86      0      0      100      0       82       93       0      175       364
      12:30     0            0        0       0       0       83     0       4      0       87       4     70      0      0       74      0        75      91       0      166       327
      12:45     0            0        0       0       0       92     0       6      0       98      10     53      0      0       63      0        64      87       0      151       312
      13:00     0            0        0       0       0       88     0       5      0       93      12     77      0      0       89      0        69      87       0      156       338
      13:15     0            0        0       0       0       96     0       9      0      105       5     70      0      0       75      0        76     111       0      187       367
      13:30     0            0        0       0       0       98     0      12      0      110       7    125      0      0      132      0       67       89       0      156       398
      13:45     0            0        0       0       0       91     0      11      0      102       7     59      0      0       66      0        65      95       0      160       328
      14:00     0            0        0       0       0       80     0       6      0       86      10     74      0      0       84      0        69      98       0      167       337
      14:15     0            0        0       0       0      109     0      21      0      130       5    117      0      0      122      0       77      113       0      190       442
      14:30     0            0        0       0       0      104     0      19      0      123       6    101      0      0      107      0       79      101       0      180       410
      14:45     0            0        0       0       0       95     0      11      0      106      10     77      0      0       87      0        76     106       0      182       375
      15:00     0            0        0       0       0      142     0      8       0      150      24    127      0      0      151      0       57      115       0      172       473
      15:15     0            0        0       0       0      110     0      8       0      118      17    144      0      0      161      0       93      118       0      211       490
      15:30     0            0        0       0       0      108     0      9       0      117      11    107      0      0      118      0       97      125       0      222       457
      15:45     0            0        0       0       0       87     0      15      0      102      11    133      0      0      144      0       111     151       0      262       508
      16:00     0            0        0       0       0       96     0      10      0      106      12    125      0      0      137      0       123     145       0      268       511
      16:15     0            0        0       0       0       91     0      23      1      115      13     95      0      0      108      0       133     156       0      289       512
      16:30     0            0        0       0       0      130     0      21      0      151      15    111      0      0      126      0       105     151       0      256       533
      16:45     0            0        0       0       0       94     0      22      1      117      13    108      0      0      121      0       146     131       0      277       515
      17:00     0            0        0       0       0       92     0      11      0      103      12     98      0      0      110      0       131     146       0      277       490
      17:15     0            0        0       0       0       89     0      14      0      103      19    146      0      0      165      0       114     148       0      262       530
      17:30     0            0        0       0       0       84     0      19      0      103      18    123      0      0      141      0       150     142       0      292       536
      17:45     0            0        0       0       0       95     0      17      0      112      16     99      0      0      115      0       154     142       0      296       523
      18:00     0            0        0       0       0       77     0      17      0       94      18    103      0      0      121      0       176     111       0      287       502
      18:15     0            0        0       0       0       89     0      23      0      112      13    108      0      0      121      0       146      99       0      245       478
      18:30     0            0        0       0       0       85     0      24      0      109      17     92      0      0      109      0       123     140       0      263       481
      18:45     0            0        0       0       0      107     0      25      0      132       8    100      0      0      108      0       140      94       0      234       474
      19:00     0            0        0       0       0      104     0      29      0      133      18    100      0      0      118      0        74      98       0      172       423
Total PM        0            0        0       0       0      2698    0      406     2      3106    345    2828     0      0      3173     0      2872     3283      0     6155       12434
 PM Peak
                0            0        0       0       0      345     0      67      0      412      71    471      0      0      542      0       594     543       0     1137       2091
  Hour

 13-Hour
                0            0        0       0       0      5873    0      567     2      6442    450    5526     0      0      5976     0      4527     5102      1     9630       22048
  Total




        JMT
        72 Loveton Circle
        Sparks MD 21052
                                                           WASA CLEAN RIVERS PROJECT
                                                       BLOOMINGDALE AREA DATA COLLECTION

Location :                 Michigan Ave @ Franklyn St NE                                                          City/Area:     Wahsington D.C.
Date Surveyed:             1/30/2013                                                                              Weather:       60/Cloudy/PM Rain
Intersection No.:          1                                                                                      Technicians:   JMT

                                                                Pedestrian Volumes

End Time              Street, NW                 Franklyn Street, NE            Michigan Ave, NE          Michigan Ave, NE        Total
                  Across North Leg                Across South Leg              Across East Leg               Across West Leg
               Children         Adults         Children        Adults       Children        Adults   Children           Adults
     6:15          0              0                0               1            0               0       0                 0         1
     6:30          0              0                0               2            0               2       0                 0         4
     6:45          0              0                0               3            0               1       0                 0         4
     7:00          0              0                0               3            0               3       0                 0         6
     7:15          0              0                0               5            2               4       0                 0        11
     7:30          0              0                2               3            1               2       0                 0         8
     7:45          0              0                2               4            0               3       0                 0         9
     8:00          0              0                0               2            0               3       0                 0         5
     8:15          0              0                0               0            0               0       0                 0         0
     8:30          0              0                0               6            0               5       0                 0        11
     8:45          0              0                2               3            2               1       0                 0         8
     9:00          0              0                0               6            0               3       0                 0         9
     9:15          0              0                0               3            0               0       0                 0         3
     9:30          0              0                0               6            0               1       0                 0         7
     9:45          0              0                0               1            0               0       0                 0         1
   10:00           0              0                0               2            0               1       0                 0         3
   10:15           0              0                0               3            0               2       0                 0         5
   10:30           0              0                0               8            0               0       0                 0         8
   10:45           0              0                2               4            0               2       0                 0         8
   11:00           0              0                0               6            0               1       0                 0         7
   11:15           0              0                0               0            0               1       0                 0         1
   11:30           0              0                2               5            0               1       0                 0         8
   11:45           0              0                0               3            0               1       0                 0         4
   12:00           0              0                0               2            0               2       0                 0         4
Total AM           0              0               10              81            5              39       0                 0        135

   12:15            0             0                0             9              0             3         0                 0        12
   12:30            0             0                0             4              0             1         0                 0         5
   12:45            0             0                0             4              0             0         0                 0         4
   13:00            0             0                0             2              0             2         0                 0         4
   13:15            0             0                0             5              0             1         0                 0         6
   13:30            0             0                0             6              0            10         0                 0        16
   13:45            0             0                0             5              0             3         0                 0         8
   14:00            0             0                0             4              0             4         0                 2        10
   14:15            0             0                0             4              0             1         0                 0         5
   14:30            0             0                0             2              0             3         0                 0         5
   14:45            0             0                0             5              0             2         0                 0         7
   15:00            0             0                0            14              0             8         0                 2        24
   15:15            0             0                2             4              0             3         0                 0         9
   15:30            0             0                0             4              0             4         0                 0         8
   15:45            0             0                0             9              0            11         0                 0        20
   16:00            0             0                0             8              2             7         0                 0        17
   16:15            0             0                2             5              0             6         0                 0        13
   16:30            0             0                0            14              0            10         0                 0        24
   16:45            0             0                4            15              7            10         0                 0        36
   17:00            0             0                0             3              0             4         0                 0         7
   17:15            0             0                2            20              1            10         0                 0        33
   17:30            0             0                2             4              0             5         0                 0        11
   17:45            0             0                2            16              1             8         0                 0        27
   18:00            0             0                0             4              0             3         0                 0         7
   18:15            0             0                0            15              0            10         0                 0        25
   18:30            0             0                3            13              0            15         0                 0        31
   18:45            0             0                1            20              0            27         0                 0        48
   19:00            0             0                0             7              0            12         0                 0        19
Total PM            0             0               18            225            11            183        0                 4        441
                                                        WASA CLEAN RIVERS PROJECT
                                                    BLOOMINGDALE AREA DATA COLLECTION

Location :                  Michigan Ave @ Franklyn St NE                                                 City/Area:     Wahsington D.C.
Date Surveyed:              1/30/2013                                                                     Weather:       60/Cloudy/PM Rain
Intersection No.:           1                                                                             Technicians:   JMT

                                                                   Bikes Volumes

End Time               Street, NW                 Franklyn Street, NE          Michigan Ave, NE   Michigan Ave, NE        Total
                    Across North Leg               Across South Leg            Across East Leg        Across West Leg

     6:15                  0                                0                         0                  0                  0
     6:30                  0                                0                         0                  0                  0
     6:45                  0                                0                         0                  0                  0
     7:00                  0                                2                         0                  0                  2
     7:15                  0                                0                         0                  0                  0
     7:30                  0                                2                         0                  0                  2
     7:45                  0                                0                         0                  0                  0
     8:00                  0                                1                         1                  0                  2
     8:15                  0                                0                         0                  0                  0
     8:30                  0                                1                         0                  0                  1
     8:45                  0                                2                         1                  0                  3
     9:00                  0                                3                         0                  0                  3
     9:15                  0                                0                         0                  0                  0
     9:30                  0                                1                         0                  0                  1
     9:45                  0                                0                         0                  0                  0
   10:00                   0                                0                         0                  0                  0
   10:15                   0                                1                         0                  0                  1
   10:30                   0                                0                         0                  0                  0
   10:45                   0                                0                         0                  0                  0
   11:00                   0                                0                         0                  0                  0
   11:15                   0                                0                         0                  0                  0
   11:30                   0                                0                         0                  0                  0
   11:45                   0                                2                         0                  0                  2
   12:00                   0                                0                         0                  0                  0
Total AM                   0                                15                        2                  0                 17

   12:15                   0                                0                         1                  0                  1
   12:30                   0                                0                         0                  0                  0
   12:45                   0                                0                         0                  0                  0
   13:00                   0                                1                         0                  0                  1
   13:15                   0                                0                         0                  0                  0
   13:30                   0                                0                         1                  0                  1
   13:45                   0                                0                         0                  0                  0
   14:00                   0                                0                         0                  0                  0
   14:15                   0                                2                         0                  0                  2
   14:30                   0                                1                         1                  0                  2
   14:45                   0                                0                         0                  0                  0
   15:00                   0                                1                         0                  1                  2
   15:15                   0                                1                         0                  0                  1
   15:30                   0                                2                         0                  0                  2
   15:45                   0                                3                         0                  0                  3
   16:00                   0                                1                         0                  0                  1
   16:15                   0                                4                         0                  2                  6
   16:30                   0                                0                         0                  0                  0
   16:45                   0                                0                         0                  0                  0
   17:00                   0                                1                         1                  0                  2
   17:15                   0                                1                         0                  0                  1
   17:30                   0                                2                         0                  0                  2
   17:45                   0                                1                         0                  0                  1
   18:00                   0                                4                         0                  0                  4
   18:15                   0                                2                         0                  0                  2
   18:30                   0                                3                         0                  0                  3
   18:45                   0                                3                         0                  0                  3
   19:00                   0                                2                         0                  0                  2
Total PM                   0                                35                        4                  3                 42
