                                                                        WASA CLEAN RIVERS PROJECT
                                                                    BLOOMINGDALE AREA DATA COLLECTION
Location :           Q Street @ North Capitol Street NW NE                                                                                      City/Area:     Wahsington D.C.
Date Surveyed:       2/7/2013                                                                                                                   Weather:       Cloudy
Intersection No.:    6                                                                                                                          Technicians:   MCV
                                                                                   Total Traffic Volumes

                                                                                                                                                                                  Int.
End Time
                              North Capitol St                         North Capitol St                          Q Street                             Q Street                   Total
                                From North                               From South                             From East                                From West
              Left         Thru      Right U-Turn   Total    Left   Thru    Right U-Turn    Total   Left   Thru   Right U-Turn   Total   Left    Thru  Right U-Turn     Total
       6:15    0            320        0       0     320      0      185      9         0    194     0      0       2     0       2       0       0      0      0        0        516
       6:30    0            440        0       0     440      0      307      7         0    314     0      0       3     0       3       0       0      0      0        0        757
       6:45    0            389        2       0     391      0      341      7         0    348     0      0       1     0       1       0       0      0      0        0        740
       7:00    0            395       13       0     408      0      351     12         0    363     0      0       2     0       2       0       0      0      0        0        773
       7:15    0            421        5       0     426      0      357     14         0    371     0      0       2     0       2       0       0      0      0        0        799
       7:30    0            507       11       0     518      0      416     11         0    427     0      0       4     0       4       0       0      0      0        0        949
       7:45    0            526        5       0     531      0      437      5         0    442     0      0       8     0       8       0       0      0      0        0        981
       8:00    0            461        5       0     466      0      476      7         0    483     0      0       7     0       7       0       0      0      0        0        956
       8:15    0            487        7       0     494      0      461      4         0    465     0      0       5     0       5       0       0      0      0        0        964
       8:30    0            498        2       0     500      0      395      7         0    402     0      0       7     0       7       0       0      0      0        0        909
       8:45    0            494        5       0     499      0      417     15         0    432     0      0       9     0       9       0       0      0      0        0        940
       9:00    0            444        2       0     446      0      335     12         0    347     0      0       4     0       4       0       0      0      0        0        797
       9:15    0            521        5       0     526      0      337     10         0    347     0      0       8     0       8       0       0      0      0        0        881
       9:30    0            443       13       0     456      0      252     10         0    262     0      0       6     0       6       0       0      0      0        0        724
       9:45    0            423        8       0     431      0      311     13         0    324     0      0       6     0       6       0       0      0      0        0        761
      10:00    0            331        9       0     340      0      338      5         0    343     0      0       3     0       3       0       0      0      0        0        686
      10:15    0            341        7       0     348      0      349     11         0    360     0      0       8     0       8       0       0      0      0        0        716
      10:30    0            305       13       0     318      0      340      2         0    342     0      0       2     0       2       0       0      0      0        0        662
      10:45    0            293       10       0     303      0      358     10         0    368     0      0       6     0       6       0       0      0      0        0        677
      11:00    0            356        8       0     364      0      282      5         0    287     0      0       5     0       5       0       0      0      0        0        656
      11:15    0            396        6       0     402      0      281      4         0    285     0      0       5     0       5       0       0      0      0        0        692
      11:30    0            318        8       0     326      0      304      9         0    313     0      0       4     0       4       0       0      0      0        0        643
      11:45    0            286        9       0     295      0      325      7         0    332     0      0       4     0       4       0       0      0      0        0        631
      12:00    0            337        7       0     344      0      347      6         0    353     0      0       2     0       2       0       0      0      0        0        699
Total AM        0          9732     160      0      9892      0     8302    202      0      8504     0      0     113     0      113      0        0       0      0       0      18509
 AM Peak
                0          1981      28      0      2009      0     1790    27       0      1817     0      0      24     0       24      0        0       0      0       0      3850
  Hour

      12:15     0           294       8      0       302      0      347    13       0      360      0      0       1     0       1       0        0       0      0       0       663
      12:30     0           295      13      0       308      0      325    4        0      329      0      0      3      0       3       0        0       0      0       0       640
      12:45     0           298       8      0       306      0      284    1        0      285      0      0      8      0       8       0        0       0      0       0       599
      13:00     0           279       8      0       287      0      243    11       0      254      0      0       4     0       4       0        0       0      0       0       545
      13:15     0           289      12      0       301      0      241    4        0      245      0      0      0      0       0       0        0       0      0       0       546
      13:30     0           219       6      0       225      0      347    7        0      354      0      0      0      0       0       0        0       0      0       0       579
      13:45     0           284       8      0       292      0      368    1        0      369      0      0      4      0       4       0        0       0      0       0       665
      14:00     0           280       7      0       287      0      325    4        0      329      0      0      4      0       4       0        0       0      0       0       620
      14:15     0           306       6      0       312      0      280    4        0      284      0      0      3      0       3       0        0       0      0       0       599
      14:30     0           295       4      0       299      0      438    8        0      446      0      0      9      0       9       0        0       0      0       0       754
      14:45     0           354      10      0       364      0      459    5        0      464      0      0      11     0       11      0        0       0      0       0       839
      15:00     0           285       7      0       292      0      471    5        0      476      0      0      2      0       2       0        0       0      0       0       770
      15:15     0           389       7      0       396      0      524    10       0      534      0      0       6     0       6       0        0       0      0       0       936
      15:30     0           277       7      0       284      0      569    7        0      576      0      0      5      0       5       0        0       0      0       0       865
      15:45     0           396       6      0       402      0      517    5        0      522      0      0      1      0       1       0        0       0      0       0       925
      16:00     0           330       4      0       334      0      566    3        0      569      0      0      6      0       6       0        0       0      0       0       909
      16:15     0           434       7      0       441      0      405    3        0      408      0      0      10     0       10      0        0       0      0       0       859
      16:30     0           379       4      0       383      0      549    6        0      555      0      0      7      0       7       0        0       0      0       0       945
      16:45     0           402      11      0       413      0      495    6        0      501      0      0      6      0       6       0        0       0      0       0       920
      17:00     0           319       4      0       323      0      469    4        0      473      0      0      8      0       8       0        0       0      0       0       804
      17:15     0           426      12      0       438      0      580    5        0      585      0      0      7      0       7       0        0       0      0       0      1030
      17:30     0           308      11      0       319      0      696    5        0      701      0      0      2      0       2       0        0       0      0       0      1022
      17:45     0           337       6      0       343      0      557    6        0      563      0      0      7      0       7       0        0       0      0       0       913
      18:00     0           252       9      0       261      0      607    18       0      625      0      0       1     0       1       0        0       0      0       0       887
      18:15     0           275       4      0       279      0      567    9        0      576      0      0      6      0       6       0        0       0      0       0       861
      18:30     0           257       5      0       262      0      597    8        0      605      0      0      8      0       8       0        0       0      0       0       875
      18:45     0           246       3      0       249      0      516    10       0      526      0      0       1     0       1       0        0       0      0       0       776
      19:00     0           234       2      0       236      0      501    11       0      512      0      0       8     0       8       0        0       0      0       0       756
Total PM        0          8739     199      0      8938      0     12843   183      0      13026    0      0     138     0      138      0        0       0      0       0      22102
 PM Peak
                0          1323      38      0      1361      0     2440    34       0      2474     0      0      17     0       17      0        0       0      0       0      3852
  Hour

 13-Hour
                0          18471    359      0      18830     0     21145   385      0      21530    0      0     251     0      251      0        0       0      0       0      40611
  Total




       JMT
       72 Loveton Circle
       Sparks MD 21052
                                                            WASA CLEAN RIVERS PROJECT
                                                        BLOOMINGDALE AREA DATA COLLECTION

Location :                  Q Street @ North Capitol Street NW NE                                                     City/Area:     Wahsington D.C.
Date Surveyed:             2/7/2013                                                                                   Weather:       Cloudy
Intersection No.:          6                                                                                          Technicians:   MCV

                                                                    Pedestrian Volumes

End Time            North Capitol St                 North Capitol St                   Q Street                   Q Street           Total
                  Across North Leg                 Across South Leg                 Across East Leg                Across West Leg
               Children         Adults          Children         Adults         Children         Adults   Children          Adults
     6:15          0               0                0                0              0              3         0                 0        3
     6:30          0               0                0                0              0              4         0                 2        6
     6:45          0               0                0                0              0              7         0                 2        9
     7:00          0               0                0                0              1              5         0                 3        9
     7:15          0               0                0                0              0              6         0                 3        9
     7:30          0               2                0                0              0              3         0                 0        5
     7:45          0               0                0                2              0              4         0                 0        6
     8:00          0               0                0                1              1              4         0                 2        8
     8:15          0               0                0                1              2              7         0                 0       10
     8:30          0               0                1                0              4             13         0                10       28
     8:45          0               0                0                0              0              3         0                 0        3
     9:00          0               0                0                0              0              6         0                 0        6
     9:15          0               0                0                0              3              5         0                 1        9
     9:30          0               0                0                1              0              9         0                 2       12
     9:45          0               0                0                0              1              6         0                 2        9
   10:00           0               1                0                0              0              1         0                 0        2
   10:15           0               1                0                3              0              4         0                 1        9
   10:30           0               1                0                1              0              3         0                 3        8
   10:45           0               1                0                1              0              1         0                 2        5
   11:00           0               0                0                1              0              5         0                 4       10
   11:15           0               0                0                0              0              5         0                 2        7
   11:30           0               0                0                0              0              3         0                 3        6
   11:45           0               0                0                0              0              2         0                 0        2
   12:00           0               2                0                2              0              6         0                 8       18
Total AM           0               8                1               13             12             115        0                50       199

   12:15            0             0                 0                0             0               3         0                 0        3
   12:30            0             1                 0                0             0               8         0                 1       10
   12:45            0             2                 0                0             0               4         0                 0        6
   13:00            0             0                 0                0             0               0         0                 3        3
   13:15            0             0                 0                0             0               0         0                 0        0
   13:30            0             1                 0                0             0               0         0                 0        1
   13:45            0             0                 0                0             0               1         0                 0        1
   14:00            0             0                 0                0             0               1         0                 4        5
   14:15            0             1                 0                0             0               2         0                 0        3
   14:30            0             0                 0                0             0               4         0                 0        4
   14:45            0             0                 0                0             0               1         0                 4        5
   15:00            0             0                 0                1             0               1         0                10       12
   15:15            0             0                 0                0             0               1         0                 0        1
   15:30            0             0                 0                0             0               0         0                 3        3
   15:45            0             0                 0                0             0               3         0                 9       12
   16:00            0             0                 0                0             0               1         0                 2        3
   16:15            0             0                 0                0             1               3         0                 7       11
   16:30            0             0                 0                0             0               5         0                 2        7
   16:45            0             2                 0                0             0               5         0                 4       11
   17:00            0             0                 0                0             1               5         0                 0        6
   17:15            0             0                 0                0             0               3         0                 2        5
   17:30            0             0                 0                0             0               1         0                 0        1
   17:45            0             0                 0                0             0               8         0                 3       11
   18:00            0             0                 0                0             0               0         0                 7        7
   18:15            0             0                 0                0             0               6         0                 0        6
   18:30            0             0                 0                0             0               3         0                 0        3
   18:45            0             0                 0                0             0               6         0                 3        9
   19:00            0             0                 0                0             0               6         0                 0        6
Total PM            0             7                 0                1             2              81         0                64       155
                                                          WASA CLEAN RIVERS PROJECT
                                                      BLOOMINGDALE AREA DATA COLLECTION

Location :                   Q Street @ North Capitol Street NW NE                                         City/Area:     Wahsington D.C.
Date Surveyed:              2/7/2013                                                                       Weather:       Cloudy
Intersection No.:           6                                                                              Technicians:   MCV

                                                                     Bikes Volumes

End Time             North Capitol St                North Capitol St                   Q Street       Q Street            Total
                    Across North Leg                Across South Leg                 Across East Leg   Across West Leg

     6:15                  0                                 0                             0              0                  0
     6:30                  0                                 0                             0              0                  0
     6:45                  0                                 0                             0              0                  0
     7:00                  0                                 0                             1              0                  1
     7:15                  0                                 0                             0              0                  0
     7:30                  0                                 0                             1              0                  1
     7:45                  0                                 0                             1              0                  1
     8:00                  0                                 0                             1              0                  1
     8:15                  0                                 0                             1              1                  2
     8:30                  0                                 0                             0              0                  0
     8:45                  0                                 0                             1              1                  2
     9:00                  0                                 0                             3              0                  3
     9:15                  0                                 0                             1              0                  1
     9:30                  0                                 0                             1              1                  2
     9:45                  0                                 0                             1              0                  1
   10:00                   0                                 0                             4              0                  4
   10:15                   0                                 0                             1              0                  1
   10:30                   0                                 0                             1              0                  1
   10:45                   0                                 0                             2              1                  3
   11:00                   0                                 0                             1              0                  1
   11:15                   0                                 0                             0              0                  0
   11:30                   0                                 0                             0              2                  2
   11:45                   0                                 0                             0              1                  1
   12:00                   0                                 0                             1              0                  1
Total AM                   0                                 0                             22             7                 29

   12:15                   0                                 0                             0              0                  0
   12:30                   0                                 0                             4              0                  4
   12:45                   0                                 0                             0              0                  0
   13:00                   0                                 0                             1              0                  1
   13:15                   0                                 0                             0              0                  0
   13:30                   0                                 0                             0              0                  0
   13:45                   0                                 0                             0              0                  0
   14:00                   0                                 0                             1              0                  1
   14:15                   0                                 0                             0              0                  0
   14:30                   0                                 0                             0              2                  2
   14:45                   0                                 0                             0              0                  0
   15:00                   0                                 0                             0              0                  0
   15:15                   0                                 0                             0              0                  0
   15:30                   0                                 0                             0              0                  0
   15:45                   0                                 0                             6              0                  6
   16:00                   0                                 0                             0              0                  0
   16:15                   0                                 0                             0              0                  0
   16:30                   0                                 0                             0              0                  0
   16:45                   0                                 0                             0              0                  0
   17:00                   0                                 0                             1              0                  1
   17:15                   0                                 0                             1              0                  1
   17:30                   0                                 0                             0              0                  0
   17:45                   0                                 0                             2              0                  2
   18:00                   0                                 0                             4              1                  5
   18:15                   0                                 0                             2              0                  2
   18:30                   0                                 0                             1              0                  1
   18:45                   0                                 0                             7              0                  7
   19:00                   0                                 0                             5              0                  5
Total PM                   0                                 0                             35             3                 38
